0
0.0065253
0.0121523
0.0171368
0.0216358
0.0257702
0.0296294
0.0332889
0.0368018
0.0402099
0.0435493
0.0468431
0.0501229
0.05339
0.0566641
0.0599478
0.0632456
0.0665658
0.0698976
0.0732496
0.0766229
0.0800101
0.0834282
0.0868451
0.090275
0.0937214
0.0971678
0.100629
0.104081
0.107531
0.110985
0.114419
0.117837
0.121267
0.124676
0.128051
0.131406
0.134727
0.138026
0.141287
0.144526
0.147708
0.150847
0.153904
0.156927
0.159875
0.162751
0.165556
0.168298
0.170921
0.173444
0.175849
0.178171
0.180314
0.182306
0.184177
0.185907
0.187445
0.188808
0.18997
0.190917
0.191628
0.19212
0.192373
0.192403
0.192151
0.191646
0.19084
0.189811
0.188458
0.186835
0.184938
0.182772
0.180346
0.177702
0.174798
0.171646
0.168285
0.16475
0.16105
0.15718
0.153242
0.149191
0.144961
0.140777
0.13651
0.132211
0.12788
0.123549
0.119211
0.114956
0.11073
0.106591
0.102494
0.0984888
0.0945077
0.0905932
0.0868127
0.0831197
0.0795193
0.0759962
0.072565
0.0692146
0.0659789
0.0628345
0.0597746
0.0568115
0.0539189
0.0511132
0.0484381
0.0458147
0.0432775
0.040837
0.0384855
0.0361986
0.0340291
0.0319406
0.0299187
0.0279979
0.0261321
0.0243623
0.0226636
0.0210454
0.0195127
0.0180722
0.016678
0.0153718
0.0141205
0.0129432
0.0118209
0.0107544
0.00977661
0.00886058
0.00800901
0.00718112
0.00640016
0.00568624
0.00502772
0.00440737
0.00383905
0.0033041
0.00280769
0.00235731
0.00198526
0.00167363
0.00143558
0.00128756
0.00120151
0.00122559
0.00133071
0.00145905
0.00162154
