0
0.301965
0.559881
0.794508
1.0201
1.24395
1.47193
1.70697
1.94873
2.19802
2.45296
2.71419
2.97986
3.25064
3.52498
3.80246
4.08437
4.36825
4.65762
4.94958
5.24505
5.54376
5.84462
6.151
6.46259
6.77842
7.09879
7.42185
7.75279
8.08879
8.43035
8.77805
9.13396
9.4909
9.85706
10.2275
10.6093
10.9986
11.3969
11.8066
12.2153
12.6379
13.0649
13.5065
13.954
14.407
14.8785
15.3504
15.8264
16.3104
16.8022
17.3094
17.8117
18.3183
18.7367
19.0831
19.5776
20.1112
20.6545
21.1912
21.7397
22.2976
22.8449
23.3992
23.9497
24.5079
25.0718
25.6438
26.2213
26.8056
27.4047
28.0098
28.6291
29.2534
29.8893
30.5318
31.1852
31.8414
32.5024
33.1683
33.8349
34.4877
35.13
35.7702
36.3908
37.0051
37.5988
38.1788
38.7359
39.2764
39.7943
40.2929
40.7763
41.2297
41.6636
42.0846
42.4755
42.8452
43.1983
43.5434
43.8672
44.1793
44.4717
44.7523
45.0205
45.2783
45.5265
45.7663
45.997
46.2224
46.4397
46.6492
46.856
47.0553
47.2531
47.4489
47.6435
47.8366
48.028
48.2178
48.4074
48.5975
48.7881
48.9788
49.1726
49.3685
49.5656
49.7636
49.9655
50.1684
50.3724
50.5807
50.7915
51.007
51.2254
51.4445
51.6693
51.8929
52.1224
52.3545
52.5867
52.8219
53.0591
53.2971
53.5434
53.7887
54.0391
54.2868
54.5396
54.795
55.0492
55.3082
