0
0.00484252
0.0152993
0.032675
0.053201
0.0668311
0.0868206
0.110878
0.128752
0.144307
0.167463
0.183244
0.202185
0.215488
0.23138
0.243395
0.263736
0.276459
0.296861
0.310317
0.325853
0.344276
0.362941
0.376165
0.396108
0.411903
0.426007
0.445444
0.460523
0.474635
0.489141
0.503332
0.524945
0.550812
0.580622
0.616619
0.656289
0.665425
0.751848
0.761072
0.764323
0.800988
0.75695
0.763104
0.771321
0.82848
0.886883
0.944719
0.908501
0.92103
0.925778
0.940206
0.954053
0.989476
1.0036
1.04139
1.0613
1.01976
1.03082
1.04802
1.05692
1.07708
1.09139
1.10563
1.11861
1.13671
1.15018
1.13904
1.15068
1.16197
1.15429
1.16553
1.17713
1.17345
1.1821
1.18619
1.19386
1.19892
1.20302
1.2095
1.21681
1.2172
1.2177
1.21569
1.22711
1.2218
1.2162
1.21072
1.2096
1.20418
1.20526
1.21377
1.21762
1.22748
1.22447
1.21974
1.22414
1.22507
1.22084
1.22194
1.2227
1.22848
1.23488
1.2402
1.2396
1.24523
1.24986
1.25437
1.26172
1.26592
1.27101
1.27556
1.28382
1.29152
1.29851
1.30567
1.31359
1.32255
1.33133
1.33981
1.34704
1.35629
1.36572
1.37595
1.38692
1.39587
1.40473
1.41459
1.42541
1.43712
1.44821
1.45996
1.47273
1.48495
1.49707
1.51081
1.52436
1.53549
1.54833
1.56081
1.57648
1.59195
1.60545
1.62218
1.63833
1.65592
1.67109
1.68662
1.70557
1.72324
1.74081
1.76054
