0
0.000411724
0.000774913
0.00108173
0.00144474
0.00173084
0.00188322
0.00217795
0.00238535
0.00257098
0.00274943
0.00280733
0.00286838
0.0029911
0.00310976
0.00321469
0.00327365
0.00331863
0.00341452
0.00335854
0.00332221
0.00327376
0.00334447
0.0033568
0.00329042
0.003226
0.00322016
0.0032782
0.00328726
0.0033262
0.00337485
0.00337414
0.00341799
0.00348002
0.0035647
0.00358154
0.00352336
0.00355899
0.00350933
0.00339115
0.00328577
0.00327662
0.00326635
0.00329296
0.00322216
0.00305913
0.00313493
0.00312023
0.00295622
0.00301699
0.00296999
0.00294116
0.00291968
0.00282032
0.00277174
0.00272798
0.00267103
0.00267737
0.00272906
0.00279097
0.00272332
0.00272101
0.00259825
0.00258643
0.00255786
0.00258426
0.00261121
0.00260479
0.00260391
0.00257771
0.00252944
0.00257749
0.00251299
0.00246986
0.00246704
0.0024413
0.0023994
0.002426
0.00240309
0.00241426
0.00239628
0.0023894
0.00238313
0.00237304
0.00236772
0.0023392
0.00235786
0.00235415
0.00237008
0.00236148
0.00239022
0.00241291
0.00241853
0.00243844
0.00244239
0.00241875
0.00241288
0.0024122
0.00241332
0.00240877
0.00243797
0.00243246
0.00247186
0.00245433
0.00245667
0.00248058
0.00248967
0.00249493
0.002514
0.00249657
0.00252771
0.00252565
0.00253655
0.00254338
0.00255472
0.00260482
0.00260655
0.00266656
0.00268182
0.00272232
0.0027387
0.00275226
0.00275224
0.00275968
0.00276568
0.00282055
0.00283582
0.00289563
0.00293582
0.00295629
0.00301253
0.00310119
0.00312799
0.00319788
0.00326988
0.00332749
0.00332157
0.00334435
0.00338901
0.00337041
0.00345618
0.00350112
0.00352722
0.00346112
0.00344139
0.00354105
0.00356188
0.00367644
0.00368648
0.00369181
0.00379717
0.00382509
