0.759975
0.724968
0.692791
0.664823
0.64187
0.623517
0.608715
0.596313
0.585654
0.57613
0.567505
0.559387
0.551589
0.544098
0.536685
0.5293
0.521854
0.514142
0.506287
0.498046
0.489533
0.480584
0.471135
0.4614
0.451249
0.440492
0.429445
0.418018
0.406171
0.393883
0.38154
0.368949
0.356394
0.343717
0.331109
0.318644
0.3063
0.294131
0.28237
0.270904
0.259633
0.2488
0.238223
0.227964
0.218153
0.208687
0.199592
0.190903
0.18258
0.174604
0.166876
0.159535
0.152531
0.145805
0.139448
0.13334
0.127492
0.121917
0.116644
0.111589
0.106761
0.102212
0.0978993
0.0937762
0.0898771
0.0861725
0.0826181
0.0792684
0.076124
0.0731411
0.0702999
0.0676127
0.0650689
0.0626736
0.0604275
0.0583033
0.0563218
0.0544594
0.052644
0.0509281
0.0494232
0.0479568
0.0466273
0.0453228
0.0441313
0.0430209
0.0419687
0.0409961
0.0400562
0.0391984
0.0384193
0.0377025
0.0370243
0.0363767
0.0357713
0.0352542
0.0347053
0.034272
0.0338485
0.0334241
0.0330511
0.0327242
0.0324242
0.0321409
0.0318636
0.0316173
0.0313958
0.0311961
0.0309791
0.0308043
0.0306365
0.0305134
0.0303637
0.0302488
0.0301708
0.0300664
0.626904
0.597573
0.570529
0.546016
0.524038
0.504167
0.486024
0.469066
0.452808
0.437102
0.421763
0.406786
0.391863
0.377226
0.362862
0.348727
0.334799
0.321141
0.307776
0.294834
0.282249
0.270011
0.258129
0.246838
0.235766
0.225106
0.214783
0.204889
0.195318
0.186356
0.177751
0.16947
0.161523
0.153929
0.146669
0.139763
0.133161
0.126823
0.120781
0.115029
0.109545
0.104354
0.0993714
0.0945731
0.0901345
0.0858842
0.0818397
0.0779595
0.0742306
0.0706793
0.0673674
0.0641937
0.0611982
0.0582902
0.0555513
0.0529366
0.0504893
0.0481722
0.0459999
0.0439007
0.0419244
0.0400385
0.0382538
0.0365423
0.0349659
0.0334684
0.0320731
0.0307599
0.612319
0.583475
0.556621
0.531671
0.50879
0.48772
0.468612
0.450839
0.434247
0.418362
0.40318
0.388265
0.37389
0.361157
0.348538
0.336188
0.323625
0.311617
0.300083
0.288782
0.278053
0.267592
0.257109
0.247145
0.237528
0.227823
0.218545
0.209351
0.200192
0.191546
0.183338
0.175207
0.167656
0.160246
0.153267
0.146628
0.14016
0.134207
0.128559
0.123265
0.118249
0.113595
0.109201
0.105112
0.101319
0.0977549
0.0944616
0.0913982
0.0885183
0.085867
0.0834085
0.0811525
0.079093
0.0772103
0.0754802
0.0739347
0.0724868
0.071203
0.0700814
0.0690401
0.0680924
0.0672649
0.0665323
0.0658642
0.0652998
0.0647706
0.0643019
0.0638571
0.0634669
0.063134
0.0628153
0.0625449
0.062301
0.062069
0.0618643
0.061669
0.0614701
0.0612789
0.0610783
0.0609155
0.0607097
0.0605102
0.0602885
0.0600886
0.0598632
0.0596194
0.0593673
0.0591088
0.0588264
0.0585265
0.0582119
0.0578968
0.0575793
0.0572352
0.0568558
0.0564698
0.0560536
0.0556408
0.0552111
0.0547474
0.0542777
0.0537833
0.0532833
0.0527652
0.052245
0.0517113
0.0511635
0.0505905
0.050034
0.0494481
0.0488647
0.0482673
0.0476682
0.0470634
0.0464625
0.0458579
0.045262
0.0446485
0.0440387
0.0434346
0.0428405
0.042254
0.0416696
0.0410928
0.0405268
0.0399701
0.0394245
0.0388938
0.0383529
0.0378261
0.0373098
0.0368093
0.0363196
0.0358439
0.035397
0.0349473
0.0345246
0.0341081
0.0336999
0.0333039
0.0329211
0.032553
0.0321938
0.0318484
0.0315163
0.0311978
0.0308906
0.0305901
0.0303071
0.0300084
0.56207
0.540466
0.518425
0.49655
0.474937
0.454085
0.433913
0.414437
0.395469
0.377319
0.359727
0.342847
0.326517
0.311003
0.296119
0.281777
0.268111
0.255029
0.242484
0.230643
0.219275
0.208471
0.198114
0.188302
0.179046
0.170182
0.161759
0.153755
0.146111
0.138884
0.131987
0.12547
0.11926
0.113372
0.107746
0.102389
0.0972865
0.0924516
0.0878508
0.0835059
0.0793703
0.075418
0.0716748
0.0681329
0.0647777
0.0615375
0.0584987
0.0556064
0.052836
0.0502479
0.0477595
0.045392
0.0431437
0.0410022
0.0389593
0.0370016
0.0351421
0.0333885
0.0317232
0.0301246
0.999726
0.955251
0.913073
0.872549
0.83359
0.796447
0.760889
0.727174
0.695148
0.66524
0.637608
0.612227
0.588871
0.567028
0.546215
0.526026
0.506225
0.486559
0.467068
0.447849
0.428788
0.409973
0.391588
0.373668
0.356184
0.339269
0.323038
0.307458
0.29242
0.27808
0.264327
0.251235
0.238834
0.227042
0.21578
0.205106
0.19497
0.185345
0.176275
0.167635
0.15937
0.15156
0.14409
0.137045
0.130339
0.12401
0.118
0.112257
0.106816
0.10163
0.0966721
0.0919807
0.0875417
0.0833468
0.0793386
0.0755713
0.0719302
0.0684766
0.0652062
0.0620609
0.0590944
0.0562759
0.0535841
0.051009
0.048581
0.0462184
0.0440393
0.0419628
0.0399978
0.0381071
0.0362934
0.0345519
0.0329043
0.031334
0.703315
0.669388
0.63693
0.606263
0.57743
0.55061
0.526219
0.504752
0.486285
0.470518
0.456916
0.445
0.43424
0.424258
0.414905
0.405894
0.397118
0.388542
0.380076
0.371605
0.363178
0.354813
0.346408
0.33798
0.329624
0.321251
0.312946
0.30469
0.296513
0.28841
0.280408
0.272591
0.264895
0.257356
0.249991
0.242813
0.23578
0.228941
0.222276
0.215845
0.20961
0.203573
0.197739
0.192096
0.186673
0.181456
0.176409
0.171558
0.166914
0.162475
0.158196
0.15408
0.150178
0.146414
0.142893
0.139519
0.136279
0.133167
0.130188
0.127331
0.124638
0.122098
0.119671
0.117378
0.115208
0.113148
0.111196
0.109323
0.107554
0.105863
0.104284
0.102788
0.101387
0.10006
0.098793
0.0975925
0.096477
0.0954184
0.0944279
0.0934911
0.0926115
0.0917751
0.0909917
0.0902507
0.0895732
0.0889265
0.0883138
0.0877387
0.0872117
0.0867165
0.0862608
0.0858125
0.0853949
0.0850135
0.0846613
0.0843303
0.0840143
0.0837133
0.083444
0.0831838
0.0829386
0.0827055
0.0824824
0.0822844
0.082101
0.0819199
0.0817532
0.0816093
0.0814683
0.0813312
0.081209
0.0810895
0.0809784
0.0808831
0.0807834
0.0806872
0.080603
0.0805312
0.0804581
0.0803858
0.0803193
0.0802524
0.0801968
0.0801489
0.0800972
0.080049
0.0800082
0.0799664
0.0799289
0.0798953
0.0798648
0.0798357
0.0798054
0.0797798
0.0797536
0.0797277
0.0797063
0.0796854
0.0796656
0.0796485
0.0796309
0.079616
0.079602
0.0795907
0.0795791
0.0795694
0.07956
0.0795497
0.0795402
0.0795308
0.079524
0.0795156
0.0795092
0.0795009
0.0794952
0.079488
0.0794835
0.0794794
0.079475
0.0794712
0.0794664
0.0794641
0.0794611
0.079458
0.0794548
0.0794522
0.0794496
0.0794481
0.0794459
0.0794439
0.0794423
0.0794396
0.0794378
0.079436
0.0794341
0.0794328
0.0794319
0.0794303
0.0794295
0.0794293
0.0794289
0.0794284
0.0794277
0.0794273
0.079427
0.0794261
0.079426
0.0794265
0.0794258
0.0794252
0.079425
0.0794246
0.0794241
0.0794245
0.0794238
0.0794228
0.0794222
0.0794221
0.0794219
0.0794218
0.0794215
0.0794214
0.0794216
0.0794206
0.0794211
0.0794216
0.0794219
0.0794224
0.0794229
0.0794226
0.0794226
0.0794224
0.0794226
0.0794225
0.0794223
0.0794226
0.0794227
0.0794229
0.0794234
0.0794237
0.0794233
0.0794225
0.0794232
0.0794241
0.079424
0.0794242
0.0794245
0.0794239
0.0794242
0.079424
0.0794244
0.0794245
0.0794237
0.0794237
0.0794235
0.079423
0.0794224
0.0794228
0.0794228
0.0794239
0.0794238
0.0794241
0.0794237
0.0794234
0.0794234
0.0794228
0.0794228
0.0794232
0.0794239
0.0794244
0.0794242
0.0794243
0.0794244
0.0794241
0.0794241
0.0794236
0.0794239
0.0794239
0.0794242
0.0794234
0.0794236
0.0794231
0.079423
0.0794232
0.0794227
0.0794233
0.0794233
0.0794232
0.0794242
0.0794238
0.0794242
0.0794244
0.0794241
0.0794243
0.0794243
0.0794245
0.0794247
0.0794257
0.079425
0.0794242
0.0794244
0.0794242
0.0794244
0.0794235
0.0794245
0.0794249
0.079425
0.0794251
0.079425
0.0794253
0.0794252
0.0794253
0.079425
0.0794257
0.0794252
0.0794247
0.0794251
0.079425
0.0794254
0.0794257
0.079425
0.0794251
0.0794253
0.0794257
0.0794256
0.0794256
0.0794258
0.079425
0.0794246
0.0794244
0.0794255
0.0794253
0.0794257
0.0794244
0.0794259
0.0794255
0.0794254
0.0794264
0.0794254
0.0794258
0.0794255
0.0794258
0.0794263
0.0794252
0.0794248
0.079425
0.0794258
0.0794257
0.0794254
0.0794262
0.0794263
0.0794264
0.0794266
0.0794266
0.0794263
0.0794259
0.0794274
0.0794266
0.0794273
0.0794249
0.0794244
0.0794246
0.0794247
0.0794261
0.0794271
0.0794268
0.0794268
0.0794257
0.0794251
0.0794252
0.0794255
0.0794252
0.0794259
0.079426
0.0794263
0.0794258
0.0794257
0.0794261
0.0794258
0.0794251
0.0794251
0.0794258
0.0794264
0.0794261
0.0794254
0.0794249
0.0794249
0.0794258
0.0794263
0.0794257
0.0794256
0.0794248
0.0794241
0.0794244
0.0794245
0.0794246
0.0794256
0.0794259
0.0794259
0.0794255
0.0794248
0.0794251
0.079425
0.0794255
0.0794255
0.0794256
0.0794257
0.0794251
0.0794253
0.0794256
0.0794261
0.0794259
0.0794256
0.0794256
0.0794246
0.0794238
0.0794244
0.0794245
0.079425
0.0794262
0.0794266
0.0794258
0.0794261
0.0794265
0.0794264
0.0794263
0.0794262
0.0794258
0.0794256
0.0794256
0.0794245
0.0794252
0.0794254
0.0794252
0.0794259
0.0794255
0.0794247
0.079425
0.0794251
0.0794254
0.0794258
0.079426
0.0794255
0.0794258
0.0794255
0.0794257
0.0794257
0.0794258
0.079425
0.0794256
0.0794246
0.079425
0.0794254
0.079426
0.079426
0.0794254
0.0794247
0.0794248
0.0794247
0.0794244
0.0794251
0.0794246
0.0794251
0.0794254
0.0794267
0.0794263
0.0794262
0.079427
0.0794267
0.0794261
0.0794263
0.079426
0.0794256
0.0794257
0.0794256
0.0794256
0.0794248
0.0794261
0.079426
0.0794262
0.0794267
0.0794267
0.0794264
0.0794268
0.0794258
0.0794257
0.0794252
0.0794249
0.0794251
0.0794254
0.0794246
0.0794249
0.0794249
0.079425
0.0794257
0.0794252
0.0794247
0.0794251
0.0794261
0.0794261
0.0794265
0.0794263
0.0794258
0.0794257
0.0794252
0.0794238
0.0794234
0.0794228
0.0794226
0.0794234
0.0794244
0.0794242
0.0794229
0.0794233
0.0794239
0.0794254
0.0794253
0.0794247
0.079424
0.0794255
0.0794244
0.0794243
0.079424
0.0794244
0.0794242
0.0794242
0.0794227
0.0794232
0.0794234
0.0794242
0.0794239
0.0794242
0.0794236
0.0794235
0.0794239
0.0794243
0.0794246
0.0794249
0.0794252
0.0794265
0.0794264
0.0794257
0.0794254
0.079426
0.0794256
0.0794253
0.079426
0.0794257
0.0794261
0.079427
0.0794263
0.0794261
0.0794263
0.0794254
0.0794251
0.0794249
0.0794244
0.0794242
0.0794246
0.0794247
0.0794251
0.0794253
0.0794262
0.079426
0.0794264
0.0794263
0.0794265
0.0794263
0.079426
0.0794251
0.0794246
0.0794237
0.0794232
0.079423
0.0794225
0.0794224
0.0794238
0.0794237
0.0794241
0.0794241
0.0794236
0.0794242
0.0794243
0.0794249
0.0794252
0.0794249
0.0794244
0.0794243
0.0794249
0.0794251
0.0794239
0.079424
0.0794243
0.0794242
0.0794242
0.0794248
0.0794243
0.0794243
0.0794246
0.0794248
0.0794244
0.0794246
