0
3.35287
6.47087
9.34729
11.8904
14.1459
16.2142
18.1729
20.0726
21.9618
23.8411
25.7665
27.7326
29.7429
31.789
33.9348
36.0539
38.3474
40.7123
43.0977
45.57
47.9406
50.4783
52.9982
55.5117
57.8371
60.2831
62.637
64.9208
67.1796
69.3697
71.4785
73.4495
75.3853
77.2526
78.9216
80.6397
82.2823
83.7765
85.2448
86.6755
88.0164
89.31
90.5546
91.7264
92.845
93.9079
94.8989
95.8521
96.72
97.5842
98.4051
99.1855
99.9328
100.627
101.243
101.882
102.471
103.012
103.556
104.064
104.551
104.997
105.424
105.832
106.223
106.595
106.942
107.269
107.571
107.864
108.139
108.395
108.626
108.841
109.045
109.229
109.398
109.56
109.704
109.827
109.943
110.041
110.125
110.194
110.252
110.302
110.339
110.366
110.378
110.377
110.359
110.335
110.304
110.259
110.204
110.145
110.067
109.975
109.883
109.782
109.679
109.559
109.44
109.316
109.183
109.053
108.912
108.763
108.615
108.462
108.303
108.144
107.983
107.822
107.659
107.497
107.233
106.796
106.2
105.452
104.559
103.585
102.47
101.269
99.9709
98.5865
97.136
95.6477
94.1246
92.5851
91.0132
89.483
87.925
86.3719
84.8236
83.3057
81.826
80.3853
78.9706
77.6242
76.3122
75.0399
73.8244
72.6484
71.507
70.4192
69.3677
68.376
67.4091
66.5101
65.6209
64.8083
64.0085
63.2512
62.5154
61.8192
61.1707
60.5323
59.9123
59.3262
58.7787
58.2509
57.7426
57.2685
56.7943
56.365
55.9343
55.5357
55.201
54.8438
54.4826
54.1467
53.8315
53.5258
53.2273
52.9394
52.6542
52.3855
52.1293
51.8926
51.6911
51.4776
51.2769
51.0806
47.8156
44.7902
42.0217
39.5117
37.2189
35.3637
33.5281
31.8531
30.2868
28.9456
27.6532
26.4299
25.1259
24.3232
23.8805
23.9495
24.6898
25.8048
27.3455
29.3221
31.5306
33.7419
36.3177
38.9079
41.3301
43.5513
45.6848
47.5179
49.0373
50.4546
51.6198
52.5394
53.3793
54.0641
54.58
54.998
55.262
55.5068
55.5051
55.5016
55.4865
55.5209
55.5325
55.5534
55.5269
55.5051
55.4907
55.4708
55.444
55.4257
55.3785
55.3256
55.2871
55.2255
55.1516
55.0913
55.016
54.935
54.8708
54.8056
54.7401
54.6537
54.5806
54.5126
54.4411
54.3701
54.309
54.2485
54.1786
54.1142
54.0483
53.9859
53.9281
53.8673
53.8041
53.7485
53.692
53.6506
53.6023
53.5525
53.5078
53.4652
53.4201
53.3823
53.3464
53.3113
53.2844
53.2528
53.2239
53.1989
53.1771
53.1585
53.1414
53.1211
53.1035
53.09
53.0787
53.0715
53.0651
53.0591
53.0522
53.052
53.0482
53.0453
53.0407
53.0404
53.0379
53.0406
53.0538
53.0548
53.0654
53.069
53.0769
53.0853
53.0909
53.1008
53.1119
53.1242
53.1376
53.148
53.16
53.1748
53.1835
53.1992
53.2133
53.2243
53.2403
53.2534
53.2687
53.2839
53.2976
53.3089
53.3288
53.3425
53.3572
53.3727
53.3893
53.401
53.4185
53.4341
53.4505
53.4648
53.4748
53.4886
53.4953
53.5108
53.5195
53.5338
53.5492
53.5657
53.8615
54.2488
54.7143
55.3084
55.9266
56.6555
57.3326
58.1507
58.9559
59.826
60.6955
61.5514
62.4506
63.3576
64.2694
65.1742
66.0785
66.9456
67.7994
68.6489
69.4569
70.2672
71.0429
71.7675
72.4894
73.1783
73.8452
74.4909
75.1045
75.6985
76.2603
76.797
77.3073
77.7995
78.2755
78.7325
79.1564
79.5582
79.9486
80.321
80.6712
81.0033
81.3223
81.6308
81.8933
82.1701
82.44
82.695
82.9347
83.1621
83.3823
83.5881
83.7847
83.969
84.1495
84.3235
84.4892
84.6423
84.7905
84.9293
83.8533
82.2921
80.2786
77.8195
74.9969
71.6763
68.0238
64.0732
59.8595
55.52
51.1293
46.7622
42.45
38.2479
34.1341
30.1536
26.2947
22.6318
19.1795
15.9321
12.9238
10.2224
7.92652
6.23074
5.45406
5.75057
6.80838
8.23914
9.78884
11.3538
12.8772
14.3331
15.7132
17.0274
18.2638
19.4314
20.5291
21.5611
22.5324
23.4539
24.3239
25.1534
25.9267
26.6596
27.3479
27.999
28.6218
29.2105
29.7703
30.3009
30.803
31.2795
31.7264
32.1565
32.5607
32.9522
33.3235
33.6748
34.0113
34.3303
34.6337
34.924
35.2065
35.4698
35.7304
35.9646
36.1911
36.4059
36.6096
36.8084
37.0019
37.1856
37.3589
37.526
35.7678
34.2527
33.026
32.0303
31.2481
30.6287
30.1078
29.6137
29.1017
28.5655
27.9757
27.36
26.7358
26.1167
25.5399
24.9825
24.4732
24.0322
23.671
23.3983
23.2107
23.1118
23.0933
23.1497
23.2787
23.4638
23.7011
23.9792
24.2888
24.6229
24.9716
25.3367
25.7123
26.0895
26.4661
26.8432
27.2164
27.5874
27.9534
28.3168
28.6771
29.0273
29.3732
29.7135
30.0448
30.3736
30.6979
31.0127
31.3181
31.6221
31.9206
32.2057
32.4921
32.7643
33.0346
33.2955
33.7801
34.2459
34.6987
35.1372
35.551
35.9537
36.3448
36.7233
37.0877
37.4383
37.7841
38.1178
38.436
38.7476
39.049
39.3333
39.6138
39.8893
40.1508
40.3998
40.6415
40.873
41.1012
41.3193
41.5298
41.734
41.9338
42.1238
42.306
42.4873
42.6604
42.8289
42.9915
43.1499
43.3041
43.4564
43.598
43.7355
43.8697
43.9952
44.1205
44.2392
44.3535
44.4676
44.5773
44.6842
44.7845
44.8847
44.9811
45.0725
45.1629
45.2473
45.3328
45.415
45.4973
45.5763
45.6517
45.7264
45.7983
45.8694
45.9361
45.9994
46.0645
46.1253
46.1837
46.2422
46.2988
46.3532
46.4065
46.4569
46.5075
46.5563
46.6032
46.649
46.6927
46.7355
46.778
46.8199
46.8585
46.8956
46.9325
46.969
47.0045
47.04
47.0738
47.1075
47.14
47.171
47.2021
47.2327
47.2617
47.2909
47.3179
47.3433
47.3697
47.3956
47.4214
47.4455
47.4703
47.4951
47.518
47.5405
47.5626
47.5829
47.6031
47.6238
47.6447
47.6648
47.6835
47.7016
47.7203
47.7383
47.7556
47.7733
47.7908
47.8076
47.8231
47.8394
47.8554
47.8705
47.8861
47.9011
47.9159
47.931
47.946
47.9604
47.9741
47.9876
48.0017
48.0156
48.0283
48.0418
48.0542
48.0672
48.0802
48.093
48.1054
48.117
48.1284
48.1401
48.1509
48.1614
48.1729
48.1845
48.1953
48.2065
48.2175
48.2284
48.2391
48.2495
48.2601
48.2704
48.2809
48.2909
48.3006
48.3101
48.32
48.3301
48.3394
48.3492
48.359
48.3679
48.3769
48.3866
48.3959
48.4044
48.4135
48.4224
48.4318
48.4407
48.4491
48.4571
48.4663
48.475
48.4841
48.4927
48.5014
48.5103
48.5188
48.5271
48.5354
48.5442
48.5522
48.5612
48.5698
48.5782
48.5858
48.594
48.6021
48.6105
48.6187
48.6271
48.6353
48.6427
48.6507
48.6591
48.6668
48.675
48.6832
48.6914
48.6991
48.7071
48.7153
48.7228
48.7306
48.7389
48.747
48.7556
48.7633
48.7711
48.7789
48.7868
48.7941
48.8021
48.81
48.8177
48.825
48.8327
48.8403
48.8475
48.855
48.863
48.8707
48.8785
48.8863
48.8943
48.9021
48.9097
48.9171
48.9249
48.9324
48.94
48.9477
48.9552
48.962
48.9699
48.9765
48.9834
48.9903
48.9968
49.0048
49.0128
49.0199
49.0276
49.035
49.0417
49.0489
49.056
49.063
49.0697
49.0773
49.0848
49.0923
49.0997
49.107
49.1142
49.1199
49.1272
49.1346
49.1416
49.1484
49.1559
49.1631
49.1705
49.1776
49.1844
49.1916
49.1986
49.206
49.2132
49.2202
49.2275
49.2342
49.2414
49.2487
49.2556
49.2627
49.2698
49.2768
49.2836
49.2908
49.2977
49.3038
49.3113
49.3182
49.3252
49.3322
49.3397
49.3467
49.3535
49.361
49.3676
49.3747
49.3819
49.3892
49.3963
49.4039
49.4102
49.4174
49.4241
49.431
49.4383
49.4441
49.4512
49.4582
49.4648
49.4721
49.4794
49.4865
49.4936
49.5004
49.5074
49.514
49.5209
49.528
49.5349
49.5411
49.5481
49.5552
49.5618
49.5684
49.5754
49.5821
49.589
49.5955
49.6019
49.6088
49.6155
49.6227
49.6294
49.6362
49.6432
49.6503
49.6572
49.6637
49.6708
49.6771
49.6842
49.6908
49.6977
49.7043
49.711
49.7175
49.7242
49.7307
49.7373
49.7435
49.7503
49.7571
49.7636
49.7707
49.7762
49.7827
49.7897
49.7962
49.8029
49.8096
49.8161
49.8229
49.8293
49.8352
49.8416
49.8479
49.8546
49.8616
49.8681
49.8752
49.882
49.8889
49.8957
49.9023
49.9089
49.9155
49.9004
49.9067
49.9132
49.8982
49.9042
49.9095
49.9161
49.9011
49.9075
49.9139
49.899
49.9047
49.9115
49.9176
49.9023
49.9083
49.9152
49.9001
49.9068
49.9134
49.9203
49.9051
49.9116
49.9182
49.9034
49.9097
49.9152
49.9
49.9067
49.913
49.9195
49.9047
49.9106
49.917
49.9018
49.908
49.915
49.9211
49.9059
49.9128
49.9177
49.9029
49.9093
49.916
49.9226
49.9078
49.9145
49.9211
49.9062
49.9131
49.9179
49.9241
49.909
49.9156
49.9221
49.9074
49.913
49.9199
49.9051
49.9117
49.9183
49.9248
49.9095
49.9157
49.9221
49.9073
49.9133
49.9195
49.9257
49.9108
49.9171
49.9242
49.909
49.9156
49.9221
49.9281
49.9131
49.919
49.9252
49.9098
49.9165
49.9232
49.9084
49.9149
49.9216
49.9285
49.9133
49.9189
49.9244
49.9094
49.9156
49.9215
49.9276
49.9127
49.9191
49.9257
49.911
49.9171
49.924
49.909
49.9157
49.9218
49.9284
49.9133
49.9199
49.9263
49.9116
49.918
49.925
49.91
49.9158
49.9222
49.9288
49.9141
49.9209
49.9275
49.9126
49.9191
49.9258
49.9106
49.9164
49.9234
49.9301
49.915
49.9218
49.9275
49.9124
49.919
49.9251
49.9311
49.9162
49.9226
49.9293
49.9144
49.9205
49.9273
49.9123
49.9189
49.9254
49.9317
49.9165
49.9225
49.9292
49.9144
49.9205
49.9273
49.9122
49.9193
49.9261
49.9326
49.9176
49.924
