0;-1.5708;0;-1.5708;0;0;0
0.0182932;-1.59803;-0.0351477;-1.64486;0;0.012226;0
0.0331271;-1.61976;-0.0707379;-1.70806;-6.19898e-05;0.0236134;0
0.0427824;-1.63336;-0.105807;-1.7583;-0.000181249;0.0321295;0
0.0473276;-1.63974;-0.138021;-1.79616;-0.000446576;0.0387239;0
0.0470524;-1.63959;-0.166848;-1.82375;-0.000656139;0.0441793;0
0.0427194;-1.63351;-0.192962;-1.84336;0.00121447;0.0489129;0
0.0356195;-1.62336;-0.216787;-1.85828;8.53316e-05;0.0510965;0
0.0260714;-1.60925;-0.239111;-1.86908;-0.000216061;0.0532935;0
0.0146568;-1.59181;-0.260241;-1.87729;-0.00249723;0.0545426;0
0.00163995;-1.57113;-0.280327;-1.88281;-0.00692032;0.0570197;0
-0.0127235;-1.54756;-0.299691;-1.88705;-0.00981618;0.0572779;0
-0.0284413;-1.52131;-0.318418;-1.89;-0.0144376;0.0580349;0
-0.0455959;-1.49183;-0.336739;-1.89095;-0.00941684;0.0606549;0
-0.0638082;-1.45943;-0.354526;-1.89013;-0.00168293;0.0667572;0
-0.0830989;-1.4239;-0.371526;-1.889;-0.00862944;0.0670455;0
-0.103595;-1.38541;-0.388123;-1.88454;0.00187378;0.0811753;0
-0.125157;-1.34432;-0.404141;-1.8818;0.0090632;0.0812302;0
-0.147809;-1.30006;-0.419271;-1.87809;0.00898742;0.079087;0
-0.171426;-1.25338;-0.433714;-1.87288;0.0215404;0.0834931;0
-0.195844;-1.20405;-0.44695;-1.86774;0.0214294;0.0803546;0
-0.221082;-1.15241;-0.458781;-1.85914;-0.00125346;0.0944522;0
-0.247125;-1.09912;-0.469646;-1.85305;0.00572249;0.0926271;0
-0.273716;-1.04437;-0.478934;-1.84611;0.00554664;0.090415;0
-0.30043;-0.988237;-0.486751;-1.83852;0.00548716;0.086873;0
-0.327684;-0.932198;-0.49265;-1.8283;-0.0225103;0.103728;0
-0.355033;-0.876209;-0.497378;-1.821;-0.0221439;0.100153;0
-0.382429;-0.821266;-0.500892;-1.81338;-0.00794676;0.101082;0
-0.409663;-0.76712;-0.502339;-1.80592;-0.0281093;0.102772;0
-0.436785;-0.71463;-0.502569;-1.7998;-0.0437275;0.101942;0
-0.463684;-0.663972;-0.501575;-1.79431;-0.0435776;0.0986193;0
-0.490157;-0.615324;-0.499507;-1.78928;-0.0437247;0.0969953;0
-0.516329;-0.568909;-0.496374;-1.78384;-0.0225227;0.101031;0
-0.541657;-0.524642;-0.491917;-1.77981;-0.0333384;0.100672;0
-0.566267;-0.482344;-0.486637;-1.77625;-0.0331349;0.0994775;0
-0.590296;-0.442259;-0.480867;-1.77098;-0.0329605;0.110632;0
-0.61327;-0.404257;-0.474698;-1.7683;-0.0326115;0.108454;0
-0.635234;-0.368529;-0.468245;-1.76613;-0.0324454;0.106948;0
-0.656197;-0.334769;-0.461366;-1.76296;-0.0325552;0.11175;0
-0.675711;-0.302926;-0.454741;-1.76081;-0.0322651;0.111417;0
-0.694428;-0.272984;-0.448044;-1.75955;-0.0321215;0.109877;0
-0.711982;-0.244619;-0.441587;-1.75794;-0.0321813;0.109273;0
-0.728382;-0.217786;-0.435581;-1.75671;-0.0318772;0.108219;0
-0.743468;-0.192383;-0.430095;-1.75574;-0.0318002;0.106657;0
-0.757097;-0.168255;-0.425315;-1.75451;-0.0316168;0.105376;0
-0.770036;-0.145502;-0.420813;-1.7535;-0.0315818;0.104127;0
-0.781385;-0.123961;-0.417275;-1.75251;-0.0357868;0.10302;0
-0.791878;-0.103458;-0.414119;-1.75114;-0.0440496;0.103417;0
-0.800753;-0.0839224;-0.412307;-1.74991;-0.0440776;0.102352;0
-0.809042;-0.0655322;-0.41102;-1.74821;-0.0313238;0.105762;0
-0.816065;-0.0478124;-0.410581;-1.74703;-0.0314997;0.105729;0
-0.821909;-0.0311251;-0.410987;-1.74604;-0.0356409;0.105098;0
-0.826623;-0.0152532;-0.412326;-1.74509;-0.0391737;0.104256;0
-0.830894;-3.50699e-05;-0.414025;-1.74419;-0.0389712;0.103233;0
-0.832382;0.0144367;-0.418332;-1.74308;-0.0380031;0.103047;0
-0.834073;0.0282601;-0.422109;-1.74126;-0.0499062;0.108169;0
-0.835077;0.0415379;-0.426778;-1.7404;-0.0460192;0.107353;0
-0.835252;0.0542076;-0.431983;-1.73927;-0.0535035;0.10859;0
-0.83419;0.0663892;-0.438426;-1.73787;-0.0532641;0.111107;0
-0.833005;0.0781462;-0.445039;-1.73697;-0.0510765;0.110327;0
-0.830736;0.0893818;-0.452511;-1.73603;-0.0561294;0.111057;0
-0.827888;0.100102;-0.46061;-1.73529;-0.0563385;0.110293;0
-0.823979;0.1104;-0.469758;-1.73435;-0.056113;0.111068;0
-0.819789;0.120381;-0.479079;-1.73348;-0.0611233;0.111498;0
-0.814939;0.130109;-0.489143;-1.73265;-0.0590303;0.111165;0
-0.809322;0.139406;-0.49993;-1.73206;-0.0577538;0.110483;0
-0.803015;0.148356;-0.511307;-1.73161;-0.0602275;0.110379;0
-0.79632;0.157131;-0.523069;-1.73102;-0.0637828;0.110247;0
-0.789026;0.165676;-0.535441;-1.73047;-0.0640701;0.109791;0
-0.781185;0.17393;-0.548457;-1.72994;-0.060885;0.109836;0
-0.77299;0.182098;-0.561786;-1.7295;-0.0611554;0.109205;0
-0.764354;0.190141;-0.57554;-1.72904;-0.0614363;0.108783;0
-0.755302;0.198008;-0.589757;-1.72863;-0.061695;0.108366;0
-0.745844;0.205673;-0.604428;-1.72816;-0.0590969;0.108794;0
-0.73597;0.213216;-0.619437;-1.72776;-0.0612546;0.108984;0
-0.725865;0.220771;-0.634767;-1.72735;-0.0615669;0.108774;0
-0.715468;0.228399;-0.650438;-1.72682;-0.0607015;0.108731;0
-0.70472;0.235859;-0.666396;-1.72638;-0.0625629;0.109019;0
-0.69382;0.243353;-0.68267;-1.72607;-0.0629169;0.108987;0
-0.682804;0.250946;-0.699204;-1.72563;-0.0622068;0.109107;0
-0.671376;0.258308;-0.715932;-1.72527;-0.0632313;0.109233;0
-0.65991;0.265832;-0.732848;-1.72493;-0.0635347;0.109336;0
-0.648213;0.273318;-0.749968;-1.72461;-0.0638909;0.10945;0
-0.636622;0.280892;-0.767177;-1.72424;-0.0648488;0.109737;0
-0.624884;0.288472;-0.784519;-1.72392;-0.0651456;0.110012;0
-0.613144;0.296264;-0.801915;-1.72353;-0.0662298;0.110434;0
-0.601378;0.304295;-0.819449;-1.72317;-0.0665333;0.110686;0
-0.589599;0.312168;-0.836925;-1.72297;-0.0668051;0.111028;0
-0.577882;0.320019;-0.854399;-1.7229;-0.0671139;0.111343;0
-0.566352;0.328146;-0.871813;-1.72268;-0.0673548;0.111538;0
-0.555008;0.336723;-0.889192;-1.72227;-0.0677332;0.111816;0
-0.543843;0.345281;-0.906456;-1.72185;-0.0680712;0.112129;0
-0.532834;0.353898;-0.923541;-1.72159;-0.0683479;0.112342;0
-0.521982;0.362509;-0.940445;-1.72147;-0.0687519;0.112539;0
-0.511324;0.37093;-0.957088;-1.72145;-0.0691238;0.112823;0
-0.500975;0.379688;-0.973443;-1.72129;-0.0699659;0.11318;0
-0.490978;0.388469;-0.989528;-1.72131;-0.0702997;0.113397;0
-0.481326;0.397525;-1.00532;-1.72105;-0.0705775;0.11371;0
-0.472123;0.406618;-1.02078;-1.72074;-0.0708314;0.113966;0
-0.463226;0.415734;-1.03588;-1.7206;-0.0715648;0.114266;0
-0.454625;0.424748;-1.0506;-1.72052;-0.0704771;0.114292;0
-0.446304;0.433736;-1.06491;-1.72054;-0.0706464;0.114065;0
-0.438463;0.442808;-1.07883;-1.72037;-0.0701974;0.114202;0
-0.43089;0.451791;-1.09231;-1.72035;-0.0704454;0.114407;0
-0.423771;0.460834;-1.10541;-1.72033;-0.0691243;0.114322;0
-0.416873;0.469624;-1.11813;-1.72034;-0.0683774;0.114305;0
-0.410472;0.478523;-1.13036;-1.72042;-0.0706971;0.113177;0
-0.404332;0.487264;-1.14225;-1.72042;-0.0693642;0.112819;0
-0.398557;0.49591;-1.15373;-1.72035;-0.0695689;0.113027;0
-0.393121;0.504581;-1.16474;-1.72029;-0.0708035;0.113155;0
-0.387885;0.513001;-1.17543;-1.72027;-0.0710204;0.113337;0
-0.383122;0.521514;-1.18571;-1.72011;-0.071229;0.113129;0
-0.378455;0.52967;-1.19572;-1.7201;-0.0701299;0.112952;0
-0.374117;0.537834;-1.20531;-1.72002;-0.0703403;0.112992;0
-0.370135;0.546023;-1.21451;-1.71989;-0.0705212;0.112735;0
-0.366244;0.553895;-1.22346;-1.71983;-0.0706758;0.112859;0
-0.36261;0.561691;-1.23207;-1.71979;-0.0708358;0.11298;0
-0.381712;0.570962;-1.27452;-1.7388;-0.0731658;0.116408;0
-0.40638;0.587351;-1.31181;-1.75119;-0.0738493;0.1184;0
-0.436639;0.611005;-1.34301;-1.75705;-0.0745138;0.118583;0
-0.471354;0.640981;-1.36844;-1.75691;-0.0751937;0.117285;0
-0.510236;0.676869;-1.38876;-1.75115;-0.0760414;0.114394;0
-0.552546;0.717355;-1.40462;-1.74112;-0.0894732;0.103805;0
-0.596393;0.760935;-1.41834;-1.72674;-0.0897217;0.0987375;0
-0.641333;0.806677;-1.43094;-1.70961;-0.0855271;0.092855;0
-0.686394;0.853696;-1.44353;-1.69001;-0.0906854;0.0872935;0
-0.731026;0.901444;-1.4572;-1.669;-0.0856922;0.0807662;0
-0.775149;0.949;-1.4716;-1.64633;-0.0862122;0.0755154;0
-0.818216;0.99569;-1.48767;-1.62383;-0.0972471;0.0685749;0
-0.860353;1.04144;-1.50506;-1.601;-0.107053;0.0611726;0
-0.901697;1.08586;-1.52371;-1.57822;-0.106889;0.0511269;0
-0.941253;1.12881;-1.54419;-1.55593;-0.107232;0.0469638;0
-0.980242;1.17035;-1.56589;-1.53606;-0.119495;0.0279499;0
-1.01812;1.21029;-1.58918;-1.51682;-0.114139;0.00973742;0
-1.05487;1.24828;-1.61292;-1.49676;-0.114472;0.00362839;0
-1.09082;1.28481;-1.63744;-1.4763;-0.116768;0.00206093;0
-1.12581;1.31938;-1.66269;-1.45691;-0.117012;-0.00100263;0
-1.15975;1.35223;-1.68847;-1.43863;-0.117012;-0.00330712;0
-1.19307;1.38347;-1.71458;-1.42084;-0.117012;-0.00548325;0
-1.22508;1.41334;-1.74137;-1.4043;-0.117012;-0.00784703;0
-1.25646;1.44122;-1.76781;-1.3884;-0.117012;-0.00867249;0
-1.28685;1.46775;-1.7946;-1.37366;-0.117012;-0.00955665;0
-1.31664;1.49293;-1.8215;-1.35963;-0.116804;-0.0108165;0
-1.34583;1.51656;-1.84812;-1.34579;-0.116663;-0.0115256;0
-1.37425;1.53918;-1.87485;-1.3322;-0.115981;-0.0071272;0
-1.40143;1.56067;-1.90163;-1.32033;-0.116397;-0.00673752;0
-1.42824;1.58061;-1.92798;-1.30873;-0.116397;-0.00880585;0
-1.45429;1.59945;-1.95422;-1.29782;-0.116397;-0.00981564;0
-1.47975;1.6173;-1.98007;-1.28647;-0.111289;-0.00517968;0
-1.5042;1.63419;-2.00573;-1.27706;-0.111041;-0.00497235;0
-1.52825;1.64961;-2.03056;-1.26719;-0.111041;-0.00437569;0
-1.55154;1.66459;-2.05556;-1.25865;-0.111041;-0.00573173;0
-1.57424;1.67857;-2.07996;-1.24869;-0.10913;0.00323412;0
-1.59636;1.69153;-2.10393;-1.24063;-0.10913;0.00239381;0
-1.61777;1.70363;-2.12731;-1.23296;-0.10913;0.00173337;0
-1.63864;1.71533;-2.1506;-1.22586;-0.10913;0.00100062;0
-1.65885;1.72618;-2.17332;-1.21894;-0.10913;0.00121344;0
-1.6785;1.73613;-2.19527;-1.21207;-0.10913;0.000385052;0
-1.69763;1.74571;-2.21722;-1.20575;-0.10913;0.000366883;0
-1.71628;1.75487;-2.23888;-1.20005;-0.10913;-0.000386185;0
-1.73427;1.76344;-2.26009;-1.19439;-0.10913;-0.000927751;0
-1.75178;1.7713;-2.28066;-1.18868;-0.10913;-0.000745159;0
-1.76887;1.77898;-2.30103;-1.18342;-0.10913;-0.000885049;0
-1.78542;1.78613;-2.32097;-1.17847;-0.10913;-0.00060023;0
-1.80144;1.79259;-2.34014;-1.17362;-0.10913;-0.000601277;0
-1.81711;1.79902;-2.35934;-1.16945;-0.10913;-0.00166986;0
-1.83226;1.80474;-2.37774;-1.16491;-0.10913;-0.00245179;0
-1.84709;1.81051;-2.3963;-1.16095;-0.10913;-0.00256189;0
-1.86139;1.81567;-2.41404;-1.157;-0.10913;-0.00372433;0
-1.87527;1.82047;-2.43122;-1.1521;-0.108696;0.00279058;0
-1.88874;1.82493;-2.4481;-1.14835;-0.108696;0.00259777;0
-1.90205;1.82964;-2.46523;-1.14521;-0.108696;0.00237477;0
-1.91487;1.8339;-2.48183;-1.14196;-0.108696;0.00297651;0
-1.92731;1.83781;-2.49789;-1.13877;-0.108696;0.00293001;0
-1.93945;1.84155;-2.51372;-1.13578;-0.108696;0.00213243;0
-1.9513;1.84526;-2.52941;-1.13313;-0.108696;0.00228413;0
-1.9629;1.84881;-2.54493;-1.13058;-0.108696;0.00245303;0
-1.97419;1.85224;-2.5602;-1.12839;-0.108696;0.00198068;0
-1.98527;1.85557;-2.5753;-1.1262;-0.108696;0.00232236;0
-1.99598;1.85852;-2.58979;-1.12413;-0.108696;0.00148568;0
-2.00635;1.8613;-2.60397;-1.12195;-0.108696;0.00177062;0
-2.01663;1.86414;-2.61818;-1.11934;-0.108037;0.00640596;0
-2.02651;1.86668;-2.63188;-1.11732;-0.10816;0.00708112;0
-2.03602;1.86893;-2.64502;-1.11535;-0.10816;0.0072179;0
-2.04537;1.87113;-2.65814;-1.11348;-0.10816;0.00730751;0
-2.04311;1.86571;-2.68551;-1.16006;-0.10816;0.0155968;0
-2.04483;1.85762;-2.71419;-1.19769;-0.10816;0.0228136;0
-2.05024;1.84626;-2.74347;-1.22599;-0.108064;0.0303556;0
-2.05937;1.83222;-2.77371;-1.24546;-0.092845;0.0383167;0
-2.07115;1.81481;-2.80361;-1.25725;-0.0884365;0.0401085;0
-2.08632;1.79471;-2.83425;-1.25714;-0.100886;0.0623686;0
-2.10322;1.77219;-2.86499;-1.25459;-0.109528;0.061873;0
-2.12143;1.74761;-2.8955;-1.24749;-0.115248;0.0572772;0
-2.14218;1.722;-2.92825;-1.23703;-0.111101;0.0540574;0
-2.16135;1.69403;-2.95768;-1.22236;-0.120353;0.0529101;0
-2.18158;1.6657;-2.98848;-1.20707;-0.119085;0.0506687;0
-2.20352;1.63738;-3.02107;-1.19143;-0.126314;0.046231;0
-2.25602;1.61258;-3.09559;-1.17635;-0.122553;0.0357422;0
-2.3081;1.58461;-3.16971;-1.16097;-0.122097;0.0317509;0
-2.35908;1.55362;-3.24206;-1.14834;-0.122684;0.0145339;0
-2.40999;1.51947;-3.31424;-1.13599;-0.123522;0.00358854;0
-2.46362;1.48205;-3.38959;-1.12247;-0.123522;0.00307849;0
-2.51346;1.44178;-3.45962;-1.1079;-0.123522;0.00337049;0
-2.56383;1.39922;-3.5307;-1.09367;-0.123522;0.0144106;0
-2.61925;1.35285;-3.60824;-1.08431;-0.114919;0.00970239;0
-2.67315;1.30306;-3.68388;-1.07472;-0.114919;0.00639242;0
-2.72297;1.25115;-3.75437;-1.06428;-0.114919;0.00632084;0
-2.77704;1.19543;-3.83043;-1.05871;-0.117041;-0.000573336;0
-2.82901;1.13747;-3.90394;-1.05311;-0.117041;-0.00494564;0
-2.87792;1.07846;-3.97263;-1.0462;-0.117041;0.00246884;0
-2.92261;1.0197;-4.03665;-1.03923;-0.117041;0.00574587;0
-2.96582;0.960778;-4.09812;-1.03528;-0.110153;0.000805065;0
-3.00497;0.903365;-4.15421;-1.02976;-0.110153;0.00548351;0
-3.04131;0.84826;-4.20565;-1.022;-0.0997101;0.0234122;0
-3.07603;0.795414;-4.25382;-1.01777;-0.0970854;0.0308071;0
-3.10688;0.745585;-4.29686;-1.01373;-0.0970854;0.0315596;0
-3.13546;0.699113;-4.33592;-1.00853;-0.0937241;0.0474766;0
-3.16192;0.655674;-4.37087;-1.0064;-0.0872194;0.0433995;0
-3.18707;0.614839;-4.40264;-1.0041;-0.0961565;0.0451206;0
-3.20997;0.577336;-4.4307;-1.00133;-0.0892248;0.0485967;0
-3.23115;0.542607;-4.45536;-0.999306;-0.0923156;0.0442258;0
-3.25129;0.510507;-4.4774;-0.996005;-0.0941119;0.0513251;0
-3.27004;0.481098;-4.49664;-0.994244;-0.0981321;0.0490367;0
-3.28441;0.461181;-4.50442;-0.992644;-0.0991954;0.0466404;0
-3.29895;0.441586;-4.51217;-0.991036;-0.0996791;0.0441257;0
-3.31339;0.422753;-4.51953;-0.989342;-0.0995973;0.0433585;0
-3.32921;0.403259;-4.52757;-0.98844;-0.100328;0.0418364;0
-3.34419;0.385349;-4.53429;-0.987541;-0.0987346;0.0390294;0
-3.35976;0.367426;-4.54115;-0.986787;-0.0986788;0.0384007;0
-3.37441;0.35089;-4.54688;-0.985461;-0.0976022;0.0382676;0
-3.38881;0.335056;-4.55221;-0.984325;-0.0978956;0.0370237;0
-3.40325;0.319736;-4.55718;-0.983418;-0.0977356;0.0346206;0
-3.41774;0.304883;-4.56168;-0.982525;-0.097959;0.0322192;0
-3.43213;0.29037;-4.5661;-0.98149;-0.0981093;0.0310194;0
-3.44669;0.276221;-4.57018;-0.980687;-0.0982755;0.0291214;0
-3.46025;0.263214;-4.57357;-0.979471;-0.0994403;0.0275509;0
-3.47339;0.250832;-4.57667;-0.978178;-0.0988702;0.0259587;0
-3.48716;0.238459;-4.57962;-0.977165;-0.0989679;0.0249646;0
-3.50027;0.226879;-4.58205;-0.975806;-0.100326;0.0248107;0
-3.51202;0.21643;-4.58415;-0.974244;-0.100988;0.0235353;0
-3.52442;0.205972;-4.58591;-0.972973;-0.100948;0.0216207;0
-3.53663;0.195819;-4.58767;-0.971399;-0.100326;0.0221085;0
-3.5472;0.187133;-4.58879;-0.969804;-0.100048;0.0210992;0
-3.55883;0.177965;-4.58998;-0.968473;-0.100304;0.0201284;0
-3.57034;0.169331;-4.59059;-0.967192;-0.100349;0.0190489;0
-3.58093;0.161476;-4.59102;-0.965905;-0.100446;0.0171721;0
-3.59061;0.154497;-4.59092;-0.964308;-0.101348;0.0171314;0
-3.60081;0.147417;-4.59072;-0.962928;-0.100997;0.0165028;0
-3.60968;0.141265;-4.59043;-0.96164;-0.10173;0.0146381;0
-3.61911;0.135134;-4.58967;-0.960326;-0.102375;0.013661;0
-3.62839;0.129406;-4.58855;-0.959046;-0.102419;0.0130809;0
-3.63848;0.123824;-4.58657;-0.958022;-0.102916;0.0123294;0
-3.64787;0.118919;-4.58422;-0.957041;-0.103103;0.0114648;0
-3.65635;0.114508;-4.58199;-0.955864;-0.102312;0.011189;0
-3.66507;0.110589;-4.5788;-0.954886;-0.10233;0.0107491;0
-3.67306;0.107017;-4.57582;-0.953843;-0.102997;0.0103278;0
-3.68055;0.103914;-4.57258;-0.952893;-0.102216;0.00960073;0
-3.68803;0.101279;-4.56867;-0.952097;-0.102882;0.00888071;0
-3.69485;0.0990536;-4.56477;-0.951256;-0.102882;0.00851283;0
-3.70153;0.0971245;-4.56052;-0.950408;-0.103173;0.00837976;0
-3.70812;0.0957552;-4.5555;-0.949798;-0.10246;0.00782285;0
-3.71442;0.0947126;-4.55024;-0.949212;-0.102178;0.00748062;0
-3.72056;0.094224;-4.54428;-0.949001;-0.102184;0.00612558;0
-3.7259;0.0936391;-4.53928;-0.94856;-0.101826;0.00543149;0
-3.73147;0.0938367;-4.53272;-0.948323;-0.101913;0.00531352;0
-3.73674;0.0941616;-4.52628;-0.948179;-0.101913;0.00510023;0
-3.74177;0.095051;-4.51915;-0.948212;-0.101745;0.00493441;0
-3.74652;0.095791;-4.51262;-0.948136;-0.101745;0.00481903;0
-3.75131;0.0968709;-4.50545;-0.948305;-0.101745;0.00463545;0
-3.75599;0.09827;-4.49789;-0.948605;-0.101745;0.00447994;0
-3.76063;0.0998004;-4.4902;-0.948972;-0.101893;0.00441112;0
-3.76498;0.101486;-4.48255;-0.949525;-0.101903;0.0036604;0
-3.7693;0.103454;-4.47446;-0.950108;-0.101903;0.00361974;0
-3.77357;0.105606;-4.46616;-0.950822;-0.101974;0.00355384;0
-3.77787;0.107823;-4.45778;-0.951656;-0.102024;0.0036941;0
-3.78209;0.109971;-4.4496;-0.952544;-0.102024;0.00374001;0
-3.78625;0.112103;-4.44155;-0.953502;-0.102024;0.00356148;0
-3.79028;0.114501;-4.43319;-0.954605;-0.102168;0.0033893;0
-3.79444;0.11721;-4.42428;-0.955813;-0.102168;0.00349605;0
-3.7986;0.119862;-4.41547;-0.957088;-0.102168;0.00357504;0
-3.80274;0.122715;-4.40638;-0.958554;-0.102168;0.00354977;0
-3.80689;0.125433;-4.39755;-0.960041;-0.102107;0.00336784;0
-3.81121;0.128133;-4.38868;-0.961642;-0.102107;0.00337022;0
-3.81542;0.131099;-4.3795;-0.963404;-0.102107;0.00341394;0
-3.81964;0.134026;-4.37042;-0.965198;-0.102107;0.00337885;0
-3.82383;0.137098;-4.36115;-0.967084;-0.102107;0.00340262;0
-3.8282;0.139981;-4.35208;-0.969059;-0.102107;0.00356646;0
-3.83251;0.143023;-4.34286;-0.971079;-0.102008;0.00358848;0
-3.83674;0.145972;-4.33385;-0.973108;-0.102047;0.00372138;0
-3.84108;0.148943;-4.32477;-0.975171;-0.102127;0.00393944;0
-3.84545;0.151895;-4.31578;-0.977333;-0.102376;0.00426788;0
-3.84991;0.15497;-4.30656;-0.979576;-0.102301;0.0046052;0
-3.85433;0.15783;-4.29778;-0.981826;-0.102117;0.00464282;0
-3.85881;0.160734;-4.28897;-0.984323;-0.102117;0.00443453;0
-3.86323;0.163642;-4.28018;-0.986642;-0.102117;0.00478654;0
-3.86782;0.166465;-4.27149;-0.989133;-0.102117;0.00486395;0
-3.87254;0.169239;-4.26277;-0.991528;-0.102136;0.00529125;0
-3.87728;0.171945;-4.25415;-0.993999;-0.102136;0.00551404;0
-3.88194;0.174601;-4.24577;-0.996463;-0.102136;0.00575641;0
-3.88658;0.177247;-4.23743;-0.998903;-0.102016;0.00612753;0
-3.89111;0.179792;-4.22938;-1.00137;-0.102297;0.00625713;0
-3.89591;0.182318;-4.22124;-1.0039;-0.102297;0.00658649;0
-3.90075;0.184741;-4.21327;-1.00641;-0.102297;0.00698699;0
-3.9056;0.187087;-4.2054;-1.00893;-0.102739;0.00716224;0
-3.91033;0.189447;-4.19761;-1.01142;-0.102739;0.00698683;0
-3.91501;0.191655;-4.19017;-1.01384;-0.102714;0.0073751;0
-3.91974;0.193849;-4.18277;-1.01632;-0.102499;0.00725176;0
-3.92456;0.195936;-4.17547;-1.01866;-0.102476;0.00781638;0
-3.92916;0.197984;-4.16844;-1.02108;-0.102476;0.00767471;0
-3.93395;0.199921;-4.16145;-1.02344;-0.102493;0.00764852;0
-3.93865;0.201781;-4.15465;-1.0257;-0.102493;0.00801847;0
-3.94309;0.203619;-4.14814;-1.028;-0.102574;0.00777896;0
-3.94786;0.205358;-4.14155;-1.03024;-0.102786;0.00834677;0
-3.95255;0.207013;-4.13516;-1.03246;-0.102786;0.00867892;0
-3.95722;0.20859;-4.12894;-1.03462;-0.102579;0.00912661;0
-3.96189;0.210127;-4.12282;-1.03674;-0.102579;0.00944123;0
-3.96664;0.211574;-4.11675;-1.03877;-0.102952;0.00997045;0
-3.97126;0.212978;-4.1109;-1.04091;-0.102733;0.00957254;0
-3.97581;0.214299;-4.10521;-1.04288;-0.102829;0.00941627;0
-3.98045;0.215559;-4.09957;-1.04483;-0.102829;0.00953223;0
-3.98488;0.216758;-4.09418;-1.04674;-0.103013;0.00926266;0
-3.98922;0.217914;-4.08897;-1.04861;-0.103045;0.00911195;0
-3.99376;0.218971;-4.08373;-1.05036;-0.103045;0.00953238;0
-3.99812;0.220016;-4.07868;-1.05218;-0.102735;0.00928077;0
-4.00261;0.220961;-4.07367;-1.05392;-0.102775;0.00923226;0
-4.00704;0.221868;-4.0688;-1.05562;-0.103168;0.00903144;0
-4.01153;0.22272;-4.06397;-1.05726;-0.102792;0.00906328;0
-4.01597;0.223489;-4.05926;-1.05876;-0.10289;0.00960925;0
-4.02039;0.224224;-4.05465;-1.06029;-0.10289;0.00965389;0
-4.02475;0.224925;-4.05014;-1.06167;-0.102782;0.0103565;0
-4.02917;0.225571;-4.04568;-1.06316;-0.102599;0.010114;0
-4.03368;0.226142;-4.04126;-1.06449;-0.102599;0.0107166;0
-4.03806;0.226674;-4.037;-1.06586;-0.102599;0.0106176;0
-4.04263;0.227168;-4.03267;-1.06725;-0.101908;0.0109002;0
-4.04687;0.227638;-4.02865;-1.06859;-0.10166;0.0105933;0
-4.02638;0.273226;-3.94658;-1.11762;-0.10376;0.0147317;0
-4.01173;0.311357;-3.87416;-1.16598;-0.103545;0.0229326;0
-3.99943;0.343449;-3.81131;-1.21222;-0.108318;0.032877;0
-3.98961;0.369957;-3.75634;-1.25648;-0.101796;0.043501;0
-3.98195;0.391222;-3.70765;-1.29645;-0.109539;0.0562517;0
-3.97667;0.407742;-3.66375;-1.33374;-0.108949;0.0623709;0
-3.97243;0.421072;-3.62334;-1.3666;-0.118487;0.0766549;0
-3.96978;0.430736;-3.586;-1.3979;-0.117818;0.0816347;0
-3.96814;0.438161;-3.55097;-1.42613;-0.122848;0.0877127;0
-3.96757;0.443626;-3.51812;-1.45289;-0.127735;0.0927771;0
-3.96817;0.446942;-3.48688;-1.47691;-0.122725;0.0970632;0
-3.96944;0.448751;-3.45689;-1.4986;-0.135488;0.105962;0
-3.97166;0.449125;-3.42864;-1.51898;-0.134882;0.108988;0
-3.97456;0.448678;-3.40162;-1.5381;-0.134374;0.11172;0
-3.97798;0.447422;-3.37562;-1.556;-0.138417;0.114969;0
-3.98198;0.445638;-3.35073;-1.57277;-0.13792;0.117119;0
-3.9865;0.443212;-3.32685;-1.58846;-0.137416;0.11888;0
-3.99134;0.440558;-3.30394;-1.60288;-0.128644;0.123391;0
-3.99666;0.437383;-3.28169;-1.61622;-0.128213;0.124794;0
-4.00231;0.434017;-3.26022;-1.629;-0.127763;0.126035;0
-4.00827;0.430359;-3.23931;-1.64049;-0.133894;0.128815;0
-4.01455;0.42657;-3.21918;-1.65165;-0.133445;0.129716;0
-4.02109;0.422711;-3.19972;-1.66191;-0.132981;0.130941;0
-4.02789;0.418669;-3.18062;-1.67092;-0.138315;0.133086;0
-4.03487;0.414642;-3.16225;-1.67973;-0.137851;0.133532;0
-4.04193;0.410656;-3.14452;-1.68786;-0.133575;0.134395;0
-4.04923;0.406767;-3.12712;-1.69557;-0.13607;0.134933;0
-4.05659;0.402887;-3.11028;-1.7028;-0.135668;0.135183;0
-4.06415;0.39911;-3.09385;-1.70948;-0.135294;0.13535;0
-4.07184;0.395484;-3.07785;-1.71587;-0.134933;0.135469;0
-4.07957;0.391864;-3.06228;-1.72164;-0.134562;0.135377;0
-4.08743;0.388534;-3.04716;-1.72718;-0.130836;0.135825;0
-4.09534;0.385139;-3.03226;-1.73214;-0.13306;0.136099;0
-4.10325;0.381841;-3.01789;-1.73682;-0.12988;0.136215;0
-4.11125;0.378653;-3.00383;-1.74129;-0.127989;0.136049;0
-4.11928;0.375565;-2.99009;-1.74549;-0.127615;0.135774;0
-4.12736;0.372695;-2.97659;-1.74928;-0.127166;0.136257;0
-4.1355;0.369927;-2.96339;-1.75275;-0.126717;0.137113;0
-4.14365;0.367273;-2.95054;-1.75611;-0.126302;0.136639;0
-4.15182;0.364804;-2.938;-1.75932;-0.126016;0.136309;0
-4.15999;0.362407;-2.92571;-1.76219;-0.125582;0.136853;0
-4.16815;0.360195;-2.91361;-1.7649;-0.128283;0.137164;0
-4.17629;0.358045;-2.90184;-1.76744;-0.131098;0.136993;0
-4.18448;0.356047;-2.89038;-1.76992;-0.131918;0.136157;0
-4.19256;0.354155;-2.87921;-1.7717;-0.126113;0.139172;0
-4.20072;0.352406;-2.86825;-1.77386;-0.124541;0.138385;0
-4.20889;0.350857;-2.85748;-1.77609;-0.124961;0.137053;0
-4.21694;0.349338;-2.84702;-1.77808;-0.122862;0.136138;0
-4.22506;0.34795;-2.83671;-1.77992;-0.12378;0.134938;0
-4.23306;0.346603;-2.82665;-1.78158;-0.123553;0.134072;0
-4.24103;0.345414;-2.81678;-1.78327;-0.124311;0.132831;0
-4.24907;0.344361;-2.80705;-1.78482;-0.124722;0.131958;0
-4.25713;0.343451;-2.79757;-1.78636;-0.122895;0.131175;0
-4.26509;0.34256;-2.78829;-1.7877;-0.120748;0.130569;0
-4.27303;0.341797;-2.77914;-1.78909;-0.12175;0.129857;0
-4.28091;0.34115;-2.77019;-1.79047;-0.121463;0.128559;0
-4.28876;0.340582;-2.76143;-1.79179;-0.121849;0.127063;0
-4.29667;0.340156;-2.75281;-1.79302;-0.120694;0.126067;0
-4.3045;0.339787;-2.74434;-1.79421;-0.120301;0.124968;0
-4.31226;0.339475;-2.73604;-1.7953;-0.119919;0.123771;0
-4.25419;0.449857;-2.7742;-1.88558;-0.124255;0.143491;0
-4.18661;0.553012;-2.80722;-1.96209;-0.126441;0.161008;0
-4.13803;0.655649;-2.81827;-2.02794;-0.13612;0.179723;0
-4.11146;0.75977;-2.80977;-2.08437;-0.160813;0.190274;0
-4.10066;0.864455;-2.78995;-2.13237;-0.184045;0.198699;0
-4.10155;0.970115;-2.7648;-2.17032;-0.197668;0.209164;0
-4.09871;1.07207;-2.74463;-2.19896;-0.196119;0.218303;0
-4.10244;1.17284;-2.7259;-2.22033;-0.196332;0.223439;0
-4.11087;1.26912;-2.71192;-2.2327;-0.209157;0.230777;0
-4.12239;1.3598;-2.70596;-2.23895;-0.22731;0.23827;0
-4.13576;1.44349;-2.70963;-2.24027;-0.246925;0.245739;0
-4.14945;1.519;-2.72283;-2.23742;-0.268833;0.253575;0
-4.16309;1.58703;-2.74561;-2.23234;-0.275994;0.252226;0
-4.17578;1.64749;-2.77267;-2.22351;-0.298001;0.256879;0
-4.1877;1.70139;-2.80352;-2.21144;-0.312246;0.262685;0
-4.19839;1.74892;-2.836;-2.19614;-0.324215;0.268079;0
-4.20826;1.79189;-2.8686;-2.17852;-0.330607;0.273068;0
-4.21701;1.82942;-2.89975;-2.15828;-0.341309;0.274712;0
-4.22497;1.86228;-2.92907;-2.13631;-0.349636;0.271764;0
-4.23205;1.89119;-2.95555;-2.11245;-0.355186;0.26781;0
-4.23822;1.91591;-2.97853;-2.08624;-0.358749;0.26588;0
-4.24373;1.93742;-2.99807;-2.05912;-0.362062;0.264274;0
-4.24856;1.95584;-3.01438;-2.03129;-0.364421;0.262333;0
-4.25278;1.97163;-3.02773;-2.00305;-0.36571;0.25967;0
-4.25647;1.98508;-3.03843;-1.97481;-0.366476;0.256696;0
-4.25948;1.9959;-3.04666;-1.94657;-0.367343;0.253135;0
-4.26217;2.00503;-3.05296;-1.91893;-0.368112;0.249079;0
-4.26454;2.01268;-3.05758;-1.89181;-0.368558;0.244204;0
-4.26651;2.01874;-3.0607;-1.86537;-0.368933;0.238745;0
-4.26815;2.02345;-3.06254;-1.83955;-0.369416;0.232421;0
-4.26962;2.02724;-3.06341;-1.81476;-0.369603;0.225617;0
-4.27084;2.03012;-3.06342;-1.79099;-0.369953;0.21855;0
-4.27183;2.03208;-3.06277;-1.76809;-0.370393;0.210604;0
-4.27259;2.03327;-3.06151;-1.74589;-0.370633;0.202343;0
-4.2731;2.0337;-3.05966;-1.72455;-0.370956;0.193609;0
-4.27349;2.03358;-3.0574;-1.70402;-0.371744;0.184873;0
-4.27402;2.03337;-3.05521;-1.68464;-0.372279;0.175523;0
-4.27414;2.03242;-3.0524;-1.66587;-0.372661;0.16662;0
-4.27444;2.03143;-3.0497;-1.64812;-0.373002;0.157156;0
-4.27457;2.02991;-3.04676;-1.63079;-0.373365;0.147494;0
-4.27456;2.0282;-3.04361;-1.61423;-0.373481;0.1383;0
-4.27451;2.02634;-3.04038;-1.59827;-0.373356;0.129228;0
-4.27441;2.02415;-3.03712;-1.58299;-0.373186;0.119952;0
-4.27435;2.02194;-3.03393;-1.56839;-0.373036;0.110753;0
-4.27419;2.01963;-3.03064;-1.55452;-0.373241;0.101692;0
-4.2739;2.01705;-3.02724;-1.54107;-0.373446;0.0928256;0
-4.27354;2.01449;-3.02377;-1.52816;-0.373632;0.0842198;0
-4.2732;2.01188;-3.02039;-1.51581;-0.374138;0.0758799;0
-4.27281;2.00922;-3.01698;-1.50392;-0.374402;0.0676877;0
-4.27249;2.0064;-3.01369;-1.49237;-0.374505;0.0595093;0
-4.27214;2.00369;-3.01047;-1.48144;-0.374243;0.0515251;0
-4.27183;2.00101;-3.00734;-1.47096;-0.374711;0.04409;0
-4.27134;1.99835;-3.00408;-1.46108;-0.374757;0.0364049;0
-4.27087;1.99566;-3.00086;-1.45146;-0.374798;0.029339;0
-4.27039;1.99304;-2.99769;-1.44236;-0.374823;0.0225722;0
-4.27;1.99042;-2.99468;-1.43347;-0.374849;0.0160913;0
-4.26958;1.98782;-2.99171;-1.42495;-0.37456;0.00981799;0
-4.26906;1.98525;-2.98867;-1.41683;-0.374556;0.00363975;0
-4.26858;1.98267;-2.98578;-1.40894;-0.374556;-0.002529;0
-4.26809;1.98018;-2.98291;-1.40145;-0.374556;-0.00829847;0
-4.2676;1.97777;-2.9801;-1.39432;-0.374556;-0.0138563;0
-4.26712;1.97528;-2.97735;-1.38732;-0.374546;-0.0191023;0
-4.26663;1.9729;-2.97465;-1.38057;-0.374228;-0.0238174;0
-4.26611;1.97059;-2.97198;-1.37423;-0.374208;-0.0287073;0
-4.26565;1.96835;-2.9694;-1.36798;-0.374163;-0.0330957;0
-4.26524;1.96623;-2.96702;-1.36229;-0.373943;-0.0377913;0
-4.26473;1.9641;-2.96453;-1.35675;-0.374147;-0.0420762;0
-4.26426;1.96203;-2.96217;-1.35146;-0.374119;-0.0461386;0
-4.26384;1.96004;-2.95993;-1.3464;-0.374092;-0.0504069;0
-4.26336;1.95807;-2.95765;-1.34148;-0.374054;-0.0542891;0
-4.2629;1.95613;-2.9554;-1.33667;-0.374001;-0.0577543;0
-4.26241;1.95423;-2.9532;-1.33208;-0.374094;-0.0611259;0
-4.26195;1.95245;-2.95107;-1.32777;-0.373849;-0.0645777;0
-4.26142;1.95071;-2.94889;-1.32363;-0.373832;-0.0676404;0
-4.2472;1.97891;-2.99988;-1.37024;-0.370966;-0.0289585;0
-4.23343;2.00136;-3.04728;-1.41066;-0.366949;0.00108306;0
-4.22051;2.01975;-3.09146;-1.44541;-0.366949;0.02758;0
-4.2087;2.03371;-3.1336;-1.47473;-0.366764;0.0467789;0
-4.19723;2.04448;-3.17196;-1.49989;-0.367406;0.064178;0
-4.18634;2.0526;-3.20631;-1.52168;-0.367828;0.0777844;0
-4.17699;2.0591;-3.23659;-1.54161;-0.36769;0.0889295;0
-4.16929;2.06487;-3.26247;-1.56117;-0.367646;0.0993306;0
-4.16333;2.07067;-3.28465;-1.5815;-0.367732;0.109019;0
-4.15883;2.0762;-3.30402;-1.60227;-0.367954;0.1191;0
-4.1552;2.08185;-3.32093;-1.62425;-0.367832;0.129388;0
-4.15228;2.0875;-3.33657;-1.64706;-0.367198;0.139156;0
-4.14967;2.09293;-3.35142;-1.67028;-0.366848;0.148908;0
-4.14736;2.09809;-3.36591;-1.69381;-0.366459;0.158364;0
-4.14478;2.10276;-3.38022;-1.71682;-0.366319;0.167206;0
-4.14331;2.10654;-3.39655;-1.74073;-0.367694;0.168133;0
-4.14088;2.10981;-3.41235;-1.76411;-0.36936;0.168653;0
-4.13719;2.11253;-3.42764;-1.78652;-0.37076;0.168434;0
-4.13214;2.11434;-3.4426;-1.80744;-0.372521;0.168161;0
-4.12564;2.11585;-3.45711;-1.8271;-0.374546;0.167022;0
-4.11781;2.11654;-3.47123;-1.845;-0.377511;0.165441;0
-4.10833;2.11652;-3.48484;-1.86094;-0.380716;0.163376;0
-4.0972;2.11599;-3.4979;-1.87501;-0.384211;0.160759;0
-4.08468;2.11483;-3.51033;-1.88694;-0.387683;0.157736;0
-4.07071;2.11329;-3.52214;-1.8967;-0.3918;0.154679;0
-4.05534;2.11147;-3.53299;-1.90412;-0.39583;0.152333;0
-4.03903;2.10922;-3.54333;-1.90951;-0.400522;0.148962;0
-4.02182;2.10675;-3.55295;-1.91285;-0.405342;0.145358;0
-4.00371;2.10429;-3.56166;-1.91413;-0.409726;0.142675;0
-3.985;2.1017;-3.5697;-1.91363;-0.412095;0.139326;0
-3.966;2.09911;-3.57707;-1.91168;-0.414292;0.135511;0
-3.94687;2.0964;-3.58379;-1.9081;-0.415556;0.130816;0
-3.92766;2.09365;-3.58968;-1.90281;-0.417496;0.128434;0
-3.90852;2.09097;-3.59493;-1.89649;-0.418831;0.124278;0
-3.88956;2.08838;-3.59954;-1.88924;-0.419961;0.119055;0
-3.87072;2.08569;-3.60326;-1.88052;-0.421767;0.116003;0
-3.85219;2.08308;-3.60629;-1.87094;-0.421199;0.112471;0
-3.83402;2.08044;-3.60866;-1.86047;-0.422013;0.109543;0
-3.81633;2.07785;-3.61055;-1.84959;-0.42261;0.105997;0
-3.79915;2.07529;-3.61191;-1.83814;-0.423332;0.102554;0
-3.78249;2.07275;-3.61285;-1.82633;-0.423168;0.0985705;0
-3.76627;2.07008;-3.61322;-1.81409;-0.422923;0.0945555;0
-3.75064;2.06744;-3.61307;-1.80141;-0.423418;0.0913409;0
-3.73543;2.06482;-3.61249;-1.78855;-0.423071;0.0884861;0
-3.72073;2.06218;-3.61149;-1.77554;-0.422612;0.0855752;0
-3.70664;2.05963;-3.6102;-1.76249;-0.42216;0.0822968;0
-3.69307;2.05699;-3.60864;-1.74936;-0.423294;0.079338;0
-3.67992;2.05432;-3.60669;-1.73617;-0.423322;0.0767796;0
-3.66722;2.05165;-3.60457;-1.72321;-0.42276;0.0733256;0
-3.65507;2.04913;-3.60215;-1.71025;-0.423692;0.0707311;0
-3.64332;2.04653;-3.59953;-1.69732;-0.424227;0.0681334;0
-3.63192;2.04395;-3.5966;-1.68458;-0.423995;0.06566;0
-3.62106;2.04134;-3.59368;-1.67197;-0.424486;0.0630516;0
-3.61066;2.03877;-3.59061;-1.65974;-0.424296;0.0604917;0
-3.60075;2.03601;-3.58756;-1.64756;-0.42413;0.0582108;0
-3.59108;2.03334;-3.58422;-1.63554;-0.424224;0.0560193;0
-3.58887;2.02772;-3.58966;-1.62408;-0.424391;0.0517111;0
-3.58662;2.02216;-3.59468;-1.61273;-0.425723;0.0476396;0
-3.58441;2.01681;-3.59943;-1.60159;-0.425676;0.0436855;0
-3.58246;2.01149;-3.60418;-1.59082;-0.426006;0.0393704;0
-3.58049;2.00643;-3.60863;-1.58057;-0.426238;0.0339971;0
-3.57862;2.0014;-3.61284;-1.57037;-0.428111;0.0295374;0
-3.57682;1.99649;-3.61686;-1.56037;-0.429237;0.0255832;0
-3.57513;1.99169;-3.62074;-1.55062;-0.428422;0.0218585;0
-3.57351;1.98699;-3.62444;-1.54111;-0.42854;0.0181644;0
-3.57188;1.98239;-3.62792;-1.5318;-0.428564;0.014546;0
-3.57043;1.97785;-3.63141;-1.52264;-0.429681;0.0112577;0
-3.56894;1.97339;-3.63462;-1.51358;-0.429812;0.00860738;0
-3.56744;1.96912;-3.63763;-1.50486;-0.43072;0.00530915;0
-3.5661;1.96487;-3.64063;-1.49628;-0.430867;0.00283814;0
-3.56489;1.96069;-3.6436;-1.48798;-0.430867;0.000169872;0
-3.56362;1.95664;-3.64635;-1.47999;-0.430867;-0.00290504;0
-3.56242;1.95269;-3.64901;-1.47208;-0.430867;-0.00518091;0
-3.5614;1.94882;-3.65174;-1.46442;-0.430753;-0.00758177;0
-3.56036;1.94506;-3.65428;-1.457;-0.430649;-0.0102348;0
-3.55929;1.94151;-3.65664;-1.44991;-0.432098;-0.0129605;0
-3.55821;1.938;-3.65888;-1.44289;-0.432002;-0.0153979;0
-3.55713;1.93462;-3.66099;-1.4361;-0.432002;-0.0178204;0
-3.55622;1.93123;-3.66316;-1.42945;-0.431897;-0.0198831;0
-3.55525;1.92801;-3.6651;-1.42295;-0.431761;-0.0215788;0
-3.55434;1.92489;-3.6671;-1.41679;-0.431684;-0.0242552;0
-3.55349;1.92183;-3.669;-1.41073;-0.431401;-0.0262898;0
-3.55267;1.9189;-3.67082;-1.40482;-0.430535;-0.0280441;0
-3.55192;1.916;-3.67261;-1.39914;-0.430214;-0.0297224;0
-3.55117;1.91314;-3.67438;-1.39367;-0.430066;-0.0320852;0
-3.55047;1.91038;-3.67609;-1.38824;-0.429052;-0.0337304;0
-3.54975;1.90771;-3.67769;-1.38297;-0.429597;-0.0354155;0
-3.54911;1.9051;-3.67926;-1.37786;-0.430749;-0.0365113;0
-3.54854;1.9026;-3.68084;-1.37299;-0.429794;-0.0378843;0
-3.54793;1.90018;-3.68227;-1.36814;-0.428159;-0.0385246;0
-3.54739;1.89778;-3.68373;-1.36344;-0.427904;-0.0395543;0
-3.5469;1.89546;-3.68514;-1.35882;-0.42676;-0.0399224;0
-3.54636;1.89316;-3.68649;-1.35441;-0.427168;-0.0410049;0
-3.54582;1.89101;-3.68769;-1.3501;-0.426742;-0.0414731;0
-3.54532;1.88888;-3.68892;-1.34591;-0.427533;-0.041904;0
-3.54487;1.88684;-3.69017;-1.34204;-0.427346;-0.0434206;0
-3.54441;1.88482;-3.69138;-1.33815;-0.427793;-0.0444593;0
-3.54395;1.88291;-3.69241;-1.33434;-0.426354;-0.0445929;0
-3.54356;1.88102;-3.69355;-1.33078;-0.425572;-0.045768;0
-3.54321;1.87915;-3.69473;-1.32727;-0.425241;-0.0467115;0
-3.54284;1.87737;-3.6958;-1.32384;-0.424405;-0.0474945;0
-3.54248;1.87563;-3.6968;-1.32046;-0.423806;-0.0479962;0
-3.54211;1.87396;-3.69775;-1.31725;-0.423292;-0.0486956;0
-3.54178;1.87231;-3.69871;-1.31408;-0.424244;-0.0489842;0
-3.54147;1.87073;-3.69965;-1.31104;-0.423742;-0.0495483;0
-3.54117;1.86919;-3.70061;-1.30818;-0.423424;-0.0506747;0
-3.54092;1.86765;-3.70159;-1.30537;-0.423196;-0.0513507;0
-3.54062;1.86624;-3.70238;-1.30264;-0.422137;-0.0518038;0
-3.5404;1.86479;-3.70325;-1.29993;-0.421417;-0.0519167;0
-3.54017;1.86342;-3.70405;-1.29731;-0.42067;-0.0518645;0
-3.53997;1.86206;-3.70489;-1.29472;-0.420499;-0.0519123;0
-3.53974;1.86079;-3.70558;-1.29216;-0.420308;-0.0513609;0
-3.53953;1.85954;-3.70631;-1.28974;-0.42062;-0.0510893;0
-3.53936;1.85828;-3.70707;-1.28737;-0.420342;-0.051028;0
-3.53917;1.85708;-3.70775;-1.28504;-0.420051;-0.0506342;0
-3.53898;1.85596;-3.70835;-1.28273;-0.419881;-0.0497422;0
-3.53881;1.85482;-3.70905;-1.28061;-0.419705;-0.049844;0
-3.53865;1.85374;-3.70973;-1.27861;-0.420469;-0.0501356;0
-3.53851;1.85266;-3.71039;-1.27654;-0.420225;-0.0498242;0
-3.5384;1.85162;-3.71108;-1.27465;-0.419638;-0.0501442;0
-3.53824;1.8506;-3.71172;-1.27279;-0.420082;-0.0505829;0
-3.53815;1.84962;-3.71233;-1.27095;-0.419865;-0.0502009;0
-3.53805;1.84867;-3.71291;-1.26914;-0.419405;-0.0496894;0
-3.53797;1.84772;-3.71354;-1.26744;-0.419189;-0.0497477;0
-3.53789;1.84681;-3.71415;-1.26578;-0.418979;-0.0497944;0
-3.53782;1.84591;-3.71477;-1.26422;-0.418653;-0.0499487;0
-3.53778;1.84505;-3.71539;-1.26269;-0.418157;-0.0499644;0
-3.53772;1.84423;-3.71592;-1.26116;-0.418401;-0.0495718;0
-3.53768;1.8434;-3.71651;-1.25972;-0.417872;-0.0496547;0
-3.53761;1.84261;-3.71704;-1.25829;-0.418201;-0.0496337;0
-3.53758;1.84181;-3.71764;-1.25698;-0.418219;-0.0500496;0
-3.53754;1.84106;-3.71817;-1.25567;-0.418026;-0.0501159;0
-3.53751;1.84032;-3.71867;-1.25434;-0.417953;-0.0497437;0
-3.53749;1.83961;-3.71919;-1.25307;-0.417864;-0.0495869;0
-3.53745;1.83892;-3.71968;-1.25188;-0.418147;-0.0497772;0
-3.53744;1.83824;-3.72023;-1.2508;-0.417988;-0.0502653;0
-3.53741;1.83759;-3.72067;-1.24965;-0.417807;-0.05009;0
-3.53743;1.83693;-3.72119;-1.24857;-0.417641;-0.050213;0
-3.53741;1.8363;-3.72166;-1.2475;-0.417868;-0.0501479;0
-3.53744;1.83569;-3.72215;-1.24646;-0.418056;-0.0500743;0
-3.53747;1.83508;-3.72264;-1.24548;-0.41766;-0.0500187;0
-3.5375;1.8345;-3.72311;-1.2445;-0.418035;-0.0498119;0
-3.53752;1.83394;-3.72354;-1.24354;-0.417895;-0.0494956;0
-3.53754;1.83339;-3.72397;-1.24262;-0.417771;-0.0493504;0
-3.5376;1.83284;-3.72445;-1.24174;-0.417687;-0.0492313;0
-3.53764;1.83233;-3.72485;-1.24084;-0.41759;-0.0486769;0
-3.53768;1.83181;-3.72529;-1.24001;-0.417765;-0.048575;0
-3.53774;1.83131;-3.72573;-1.2392;-0.417894;-0.0483028;0
-3.53779;1.83082;-3.72618;-1.23846;-0.41808;-0.0485526;0
-3.53784;1.83035;-3.72661;-1.23776;-0.417674;-0.0487484;0
-3.53789;1.82989;-3.72702;-1.23703;-0.417512;-0.0485775;0
-3.53796;1.82944;-3.72742;-1.23631;-0.417823;-0.0483311;0
-3.53804;1.82899;-3.72783;-1.23561;-0.417911;-0.0480267;0
-3.5381;1.82856;-3.72822;-1.23494;-0.417457;-0.0478573;0
-3.53818;1.82814;-3.72862;-1.23428;-0.417378;-0.04758;0
-3.53828;1.82773;-3.72901;-1.23362;-0.417486;-0.0471027;0
-3.53837;1.82731;-3.72945;-1.23305;-0.417332;-0.0472131;0
-3.53845;1.82691;-3.72984;-1.23246;-0.417032;-0.0470167;0
-3.53853;1.82653;-3.7302;-1.23186;-0.416943;-0.0467485;0
-3.5386;1.82615;-3.73059;-1.23134;-0.417081;-0.0469442;0
-3.53866;1.82578;-3.73094;-1.2308;-0.416816;-0.0469019;0
-3.53876;1.82541;-3.73132;-1.23028;-0.416733;-0.0467031;0
-3.53889;1.82505;-3.73175;-1.2298;-0.416665;-0.0466419;0
-3.53899;1.8247;-3.73212;-1.22929;-0.416618;-0.0463966;0
-3.53908;1.82435;-3.7325;-1.22885;-0.416764;-0.046497;0
-3.53917;1.82401;-3.73288;-1.22842;-0.416664;-0.0466732;0
-3.53927;1.82368;-3.73325;-1.22797;-0.416818;-0.046577;0
-3.53938;1.82336;-3.73363;-1.22756;-0.416559;-0.0465933;0
-3.53946;1.82306;-3.73394;-1.22712;-0.416304;-0.0463951;0
-3.53957;1.82275;-3.7343;-1.22671;-0.41621;-0.0463049;0
-3.53968;1.82245;-3.73464;-1.2263;-0.416293;-0.0460217;0
-3.53978;1.82215;-3.73499;-1.22591;-0.416429;-0.0459445;0
-3.53988;1.82186;-3.73533;-1.22556;-0.416288;-0.0459863;0
-3.54;1.82158;-3.73569;-1.22521;-0.41657;-0.0458885;0
-3.54012;1.8213;-3.73603;-1.22486;-0.416673;-0.0457481;0
-3.54025;1.82102;-3.73641;-1.22457;-0.416683;-0.0459028;0
-3.54037;1.82075;-3.73675;-1.22424;-0.416951;-0.0456952;0
-3.54048;1.82049;-3.73708;-1.22392;-0.416838;-0.0456071;0
-3.5406;1.82023;-3.73741;-1.2236;-0.416761;-0.0454788;0
-3.54073;1.81998;-3.73774;-1.22329;-0.416568;-0.0451678;0
-3.54088;1.81972;-3.73811;-1.22301;-0.416491;-0.0450532;0
-3.54101;1.81948;-3.73843;-1.22272;-0.416727;-0.0448006;0
-3.54114;1.81923;-3.73879;-1.22248;-0.416496;-0.0448123;0
-3.54129;1.81899;-3.73916;-1.22225;-0.416709;-0.0449115;0
-3.54142;1.81876;-3.73949;-1.22198;-0.416672;-0.0446531;0
-3.54157;1.81852;-3.73982;-1.22173;-0.416616;-0.0444189;0
-3.54171;1.8183;-3.74017;-1.22152;-0.416417;-0.0444586;0
-3.54184;1.81807;-3.74049;-1.22127;-0.416343;-0.0442316;0
-3.54199;1.81785;-3.74085;-1.22108;-0.416174;-0.0443118;0
-3.54213;1.81763;-3.74118;-1.22085;-0.416082;-0.0441814;0
-3.54228;1.81741;-3.74151;-1.22063;-0.416029;-0.0439414;0
-3.54242;1.8172;-3.74182;-1.2204;-0.415984;-0.0436921;0
-3.54256;1.81699;-3.74214;-1.22019;-0.415963;-0.043536;0
-3.5427;1.81679;-3.74248;-1.22002;-0.416032;-0.0436415;0
-3.54282;1.81661;-3.74273;-1.2198;-0.416122;-0.0431596;0
-3.54296;1.81641;-3.74304;-1.21961;-0.416004;-0.043082;0
-3.5431;1.81621;-3.74339;-1.21948;-0.415969;-0.04329;0
-3.54324;1.81602;-3.74371;-1.21935;-0.416025;-0.0434442;0
-3.54338;1.81583;-3.74402;-1.21916;-0.415966;-0.0432043;0
-3.54354;1.81564;-3.74435;-1.219;-0.415904;-0.0431032;0
-3.54369;1.81544;-3.74468;-1.21887;-0.415846;-0.0431628;0
-3.54384;1.81526;-3.745;-1.21871;-0.415781;-0.0430244;0
-3.54397;1.81509;-3.74527;-1.21853;-0.41603;-0.0426787;0
-3.54412;1.81491;-3.74559;-1.21838;-0.416154;-0.0425951;0
-3.54426;1.81474;-3.74588;-1.21823;-0.416358;-0.0423573;0
-3.54439;1.81458;-3.74613;-1.21806;-0.416443;-0.041995;0
-3.54454;1.81441;-3.74643;-1.21791;-0.416269;-0.041766;0
-3.54468;1.81424;-3.74673;-1.21778;-0.416362;-0.0416522;0
-3.54484;1.81407;-3.74705;-1.21765;-0.416189;-0.0415279;0
-3.545;1.8139;-3.74737;-1.21755;-0.416033;-0.0415382;0
-3.54515;1.81373;-3.74769;-1.21746;-0.416031;-0.0416109;0
-3.54529;1.81356;-3.748;-1.21735;-0.416127;-0.0416198;0
-3.54544;1.8134;-3.74828;-1.21722;-0.41593;-0.0413897;0
-3.5456;1.81324;-3.74859;-1.21712;-0.41604;-0.0412987;0
-3.54574;1.81308;-3.7489;-1.21703;-0.415766;-0.0412998;0
-3.5459;1.81293;-3.7492;-1.21692;-0.415708;-0.0411366;0
-3.54605;1.81277;-3.74948;-1.21679;-0.415635;-0.0408907;0
-3.54619;1.81262;-3.74977;-1.21671;-0.415841;-0.0409059;0
-3.54633;1.81247;-3.75008;-1.21664;-0.415827;-0.0409761;0
-3.54649;1.81232;-3.75037;-1.21653;-0.415778;-0.0407449;0
-3.54665;1.81216;-3.75068;-1.21645;-0.415705;-0.0406781;0
-3.5468;1.81202;-3.75097;-1.21638;-0.415674;-0.0407561;0
-3.54694;1.81187;-3.75126;-1.21629;-0.415615;-0.0405896;0
-3.54709;1.81172;-3.75156;-1.21621;-0.415724;-0.0405765;0
-3.54725;1.81159;-3.75182;-1.21611;-0.415571;-0.0401809;0
-3.5474;1.81145;-3.75212;-1.21603;-0.415787;-0.0400753;0
-3.54754;1.81131;-3.75238;-1.21595;-0.415498;-0.0399275;0
-3.5477;1.81118;-3.75268;-1.21591;-0.415249;-0.0400041;0
-3.54786;1.81103;-3.75299;-1.21585;-0.415362;-0.0399281;0
-3.54801;1.8109;-3.75326;-1.21576;-0.415166;-0.0397253;0
-3.54817;1.81076;-3.75356;-1.21568;-0.415259;-0.0395582;0
-3.54832;1.81062;-3.75385;-1.21562;-0.415154;-0.0395139;0
-3.54848;1.81048;-3.75413;-1.21555;-0.415276;-0.0393632;0
-3.54864;1.81034;-3.75443;-1.21548;-0.415211;-0.039248;0
-3.54879;1.8102;-3.75471;-1.21541;-0.415167;-0.0391372;0
-3.54895;1.81006;-3.75501;-1.21537;-0.414997;-0.0391219;0
-3.5491;1.80993;-3.75531;-1.21532;-0.415104;-0.0391211;0
-3.54925;1.8098;-3.75557;-1.21524;-0.415056;-0.0388078;0
-3.54941;1.80967;-3.75586;-1.21519;-0.415236;-0.0387822;0
-3.54958;1.80953;-3.75617;-1.21514;-0.415344;-0.0386431;0
-3.54973;1.80941;-3.75644;-1.21506;-0.415442;-0.0383894;0
-3.54988;1.80928;-3.75672;-1.215;-0.415422;-0.0382196;0
-3.55004;1.80915;-3.75702;-1.21498;-0.415479;-0.0383679;0
-3.5502;1.80901;-3.75732;-1.21494;-0.415436;-0.0383634;0
-3.55035;1.80888;-3.75761;-1.2149;-0.415443;-0.0383319;0
-3.55051;1.80875;-3.7579;-1.21485;-0.415366;-0.0382103;0
-3.55067;1.80862;-3.75817;-1.21479;-0.41533;-0.0380277;0
-3.55083;1.8085;-3.75845;-1.21473;-0.415413;-0.0377685;0
-3.55098;1.80838;-3.75871;-1.21467;-0.415604;-0.0375164;0
-3.55111;1.80827;-3.75895;-1.21461;-0.415378;-0.0373514;0
-3.55127;1.80814;-3.75923;-1.21457;-0.415292;-0.037274;0
-3.55142;1.80802;-3.75951;-1.21451;-0.415107;-0.0370378;0
-3.55157;1.8079;-3.75976;-1.21445;-0.415217;-0.036838;0
-3.55173;1.80777;-3.76006;-1.21442;-0.415148;-0.036791;0
-3.55189;1.80765;-3.76034;-1.21438;-0.415389;-0.0366532;0
-3.55206;1.80753;-3.76065;-1.21435;-0.415502;-0.0366174;0
-3.55221;1.80741;-3.76092;-1.21432;-0.415309;-0.0365662;0
-3.55236;1.80729;-3.76119;-1.21427;-0.415423;-0.036359;0
-3.55253;1.80716;-3.7615;-1.21425;-0.415463;-0.0363292;0
-3.5527;1.80703;-3.7618;-1.21425;-0.415367;-0.0364122;0
-3.55285;1.80692;-3.76205;-1.21418;-0.415225;-0.0361039;0
-3.55301;1.8068;-3.76233;-1.21414;-0.4153;-0.0359298;0
-3.55317;1.80668;-3.76261;-1.2141;-0.415281;-0.0357238;0
-3.55334;1.80655;-3.76291;-1.21406;-0.415261;-0.0355593;0
-3.55349;1.80644;-3.76317;-1.21401;-0.415224;-0.0353759;0
-3.55364;1.80632;-3.76344;-1.21397;-0.415163;-0.0352493;0
-3.5538;1.8062;-3.76372;-1.21393;-0.414969;-0.0351011;0
-3.55396;1.80608;-3.76399;-1.21389;-0.414934;-0.0349316;0
-3.55412;1.80596;-3.76428;-1.21389;-0.414997;-0.035008;0
-3.55427;1.80585;-3.76454;-1.21384;-0.415182;-0.0346531;0
-3.55444;1.80573;-3.76483;-1.21381;-0.415137;-0.0345797;0
-3.55458;1.80562;-3.76508;-1.21376;-0.415349;-0.0342952;0
-3.55472;1.80553;-3.76528;-1.21369;-0.41532;-0.0338645;0
-3.55487;1.80541;-3.76556;-1.21366;-0.415428;-0.0336992;0
-3.55503;1.80529;-3.76584;-1.21364;-0.41544;-0.0336756;0
-3.55518;1.80518;-3.76611;-1.21362;-0.415165;-0.033618;0
-3.55532;1.80508;-3.76634;-1.21356;-0.415245;-0.0333027;0
-3.55549;1.80495;-3.76664;-1.21354;-0.415179;-0.033239;0
-3.55565;1.80483;-3.76693;-1.21352;-0.415315;-0.0331827;0
-3.55581;1.80471;-3.76723;-1.21351;-0.415496;-0.0331944;0
-3.55597;1.8046;-3.7675;-1.21348;-0.415601;-0.0330607;0
-3.55613;1.80448;-3.76778;-1.21345;-0.415584;-0.032878;0
-3.55629;1.80436;-3.76806;-1.21342;-0.415691;-0.0327583;0
-3.55645;1.80425;-3.76834;-1.2134;-0.415661;-0.0327147;0
-3.5566;1.80413;-3.76861;-1.21337;-0.415511;-0.0325683;0
-3.55677;1.80401;-3.7689;-1.21335;-0.41562;-0.0325003;0
-3.55693;1.8039;-3.76918;-1.21334;-0.415455;-0.0324402;0
-3.55707;1.8038;-3.76941;-1.21328;-0.415568;-0.0320527;0
-3.55722;1.80369;-3.76966;-1.21324;-0.415577;-0.0317831;0
-3.55737;1.80357;-3.76993;-1.2132;-0.415653;-0.0316319;0
-3.55753;1.80346;-3.77022;-1.21322;-0.415632;-0.0317979;0
-3.5577;1.80334;-3.77051;-1.2132;-0.415554;-0.031707;0
-3.55785;1.80323;-3.7708;-1.21322;-0.415535;-0.0318499;0
-3.558;1.80311;-3.77108;-1.21322;-0.415377;-0.0319318;0
-3.55815;1.803;-3.77137;-1.21323;-0.415437;-0.0320351;0
-3.5583;1.80289;-3.77165;-1.21325;-0.415414;-0.0322217;0
-3.55845;1.80279;-3.7719;-1.2132;-0.415475;-0.0318997;0
-3.55862;1.80267;-3.77217;-1.21316;-0.415527;-0.0316317;0
-3.55878;1.80256;-3.77246;-1.21317;-0.415556;-0.0317039;0
-3.55894;1.80244;-3.77274;-1.21315;-0.415639;-0.0316317;0
-3.55908;1.80233;-3.773;-1.21312;-0.415458;-0.0314661;0
-3.55923;1.80222;-3.77327;-1.21312;-0.415215;-0.0314865;0
-3.55938;1.80211;-3.77354;-1.21311;-0.41515;-0.0314672;0
-3.55952;1.80201;-3.77376;-1.21305;-0.41515;-0.0311256;0
-3.55965;1.80192;-3.77398;-1.21301;-0.415381;-0.0308268;0
-3.5598;1.80181;-3.77425;-1.21301;-0.415146;-0.0308863;0
-3.55997;1.80169;-3.77453;-1.213;-0.415102;-0.0308026;0
-3.56012;1.80158;-3.77479;-1.21297;-0.415205;-0.0306272;0
-3.56027;1.80147;-3.77506;-1.21294;-0.415183;-0.0305087;0
-3.56042;1.80136;-3.77532;-1.21291;-0.415287;-0.0303366;0
-3.56057;1.80125;-3.77558;-1.21288;-0.415087;-0.030154;0
-3.56071;1.80115;-3.7758;-1.21284;-0.415189;-0.0298907;0
-3.56085;1.80105;-3.77608;-1.21288;-0.415265;-0.0301751;0
-3.561;1.80095;-3.77633;-1.21285;-0.415452;-0.0299365;0
-3.56115;1.80083;-3.77659;-1.21282;-0.41556;-0.0298114;0
-3.56129;1.80073;-3.77683;-1.21279;-0.415785;-0.0296098;0
-3.56142;1.80063;-3.77706;-1.21276;-0.415999;-0.0294426;0
-3.56158;1.80052;-3.77732;-1.21273;-0.415822;-0.0292557;0
-3.56172;1.80042;-3.77756;-1.21269;-0.41565;-0.0290293;0
-3.56187;1.80031;-3.77781;-1.21266;-0.415749;-0.0288027;0
-3.56201;1.80021;-3.77807;-1.21264;-0.415847;-0.0287047;0
-3.56216;1.8001;-3.77834;-1.21264;-0.415915;-0.0287753;0
-3.5623;1.79999;-3.77857;-1.2126;-0.415882;-0.0284706;0
-3.56246;1.79988;-3.77883;-1.21258;-0.415697;-0.0283407;0
-3.5626;1.79978;-3.77907;-1.21254;-0.41556;-0.0280408;0
-3.56274;1.79968;-3.77931;-1.2125;-0.415675;-0.0277724;0
-3.56289;1.79957;-3.77955;-1.21247;-0.415653;-0.0276665;0
-3.56304;1.79946;-3.77982;-1.21246;-0.415609;-0.027596;0
-3.56318;1.79935;-3.78009;-1.21245;-0.415503;-0.0276126;0
-3.56332;1.79926;-3.78031;-1.21241;-0.415437;-0.027295;0
-3.56346;1.79915;-3.78055;-1.21237;-0.415538;-0.0270642;0
-3.56361;1.79904;-3.78082;-1.21237;-0.415371;-0.0270541;0
-3.56375;1.79894;-3.78105;-1.21233;-0.415386;-0.0268098;0
-3.56389;1.79884;-3.78129;-1.2123;-0.41561;-0.0266054;0
-3.56405;1.79873;-3.78157;-1.2123;-0.415471;-0.0266461;0
-3.56418;1.79863;-3.7818;-1.21227;-0.415324;-0.0263606;0
-3.56434;1.79852;-3.78207;-1.21226;-0.415458;-0.0263408;0
-3.56447;1.79843;-3.78228;-1.21221;-0.415425;-0.0260123;0
-3.56462;1.79832;-3.78257;-1.21225;-0.415292;-0.0262439;0
-3.56478;1.79821;-3.78284;-1.21223;-0.415273;-0.0261248;0
-3.56492;1.7981;-3.78309;-1.21222;-0.415282;-0.0260915;0
-3.56506;1.79799;-3.78334;-1.21219;-0.415395;-0.0259534;0
-3.5652;1.79789;-3.78359;-1.21217;-0.415491;-0.0257961;0
-3.56535;1.79778;-3.78384;-1.21214;-0.415589;-0.025605;0
-3.5655;1.79767;-3.78412;-1.21215;-0.415582;-0.0256425;0
-3.56564;1.79757;-3.78434;-1.2121;-0.415546;-0.0254025;0
-3.56579;1.79746;-3.78459;-1.21207;-0.415528;-0.0251921;0
-3.56593;1.79736;-3.78486;-1.21208;-0.415595;-0.0252794;0
-3.56608;1.79725;-3.78512;-1.21206;-0.415554;-0.025157;0
-3.56623;1.79714;-3.78538;-1.21205;-0.415667;-0.0250779;0
-3.56637;1.79703;-3.78562;-1.21201;-0.41565;-0.0248533;0
-3.56651;1.79693;-3.78586;-1.21198;-0.415791;-0.0246449;0
-3.56666;1.79682;-3.78614;-1.21197;-0.415791;-0.0245765;0
-3.56679;1.79673;-3.78635;-1.21194;-0.415506;-0.0243539;0
-3.56693;1.79663;-3.78656;-1.21189;-0.415601;-0.0239851;0
-3.56707;1.79653;-3.78682;-1.21188;-0.415742;-0.0239454;0
-3.56721;1.79642;-3.78706;-1.21185;-0.415858;-0.0238422;0
-3.56736;1.79631;-3.78733;-1.21184;-0.415972;-0.0237686;0
-3.5675;1.79621;-3.78759;-1.21187;-0.415947;-0.0239876;0
-3.56764;1.79611;-3.78783;-1.21184;-0.41579;-0.0237588;0
-3.56778;1.79601;-3.78807;-1.21182;-0.416027;-0.0235723;0
-3.56791;1.79591;-3.7883;-1.21179;-0.415984;-0.0234387;0
-3.56806;1.79581;-3.78854;-1.21176;-0.415949;-0.0232036;0
-3.56821;1.79569;-3.78881;-1.21174;-0.416042;-0.0230835;0
-3.56836;1.79558;-3.78909;-1.21175;-0.416121;-0.0231305;0
-3.56851;1.79547;-3.78935;-1.21174;-0.41625;-0.0230545;0
-3.56865;1.79537;-3.78959;-1.21172;-0.416466;-0.0229648;0
-3.56879;1.79527;-3.78984;-1.2117;-0.416429;-0.0228004;0
-3.56893;1.79516;-3.79009;-1.2117;-0.416643;-0.0228279;0
-3.56907;1.79507;-3.79031;-1.21166;-0.416608;-0.0225601;0
-3.56921;1.79496;-3.79057;-1.21164;-0.416545;-0.0224373;0
-3.56935;1.79487;-3.79077;-1.21159;-0.416514;-0.0220449;0
-3.56948;1.79476;-3.79103;-1.2116;-0.416493;-0.0221299;0
-3.56963;1.79465;-3.7913;-1.2116;-0.41649;-0.0221636;0
-3.56978;1.79454;-3.79157;-1.21159;-0.416458;-0.0221034;0
-3.56991;1.79444;-3.79178;-1.21156;-0.416275;-0.0218501;0
-3.57004;1.79436;-3.79198;-1.21151;-0.416275;-0.021475;0
-3.57018;1.79425;-3.79224;-1.21149;-0.416248;-0.0214017;0
-3.57032;1.79414;-3.79249;-1.21149;-0.416414;-0.0213865;0
-3.57047;1.79403;-3.79275;-1.21148;-0.416414;-0.0213403;0
-3.57059;1.79394;-3.79296;-1.21145;-0.416526;-0.0211825;0
-3.57073;1.79383;-3.79322;-1.21145;-0.416607;-0.0212409;0
-3.57087;1.79373;-3.79346;-1.21143;-0.416587;-0.0211138;0
-3.571;1.79362;-3.7937;-1.21141;-0.41654;-0.0210032;0
-3.57115;1.79351;-3.79396;-1.2114;-0.416653;-0.0209007;0
-3.57129;1.79341;-3.79421;-1.21139;-0.416468;-0.0208221;0
-3.57144;1.7933;-3.79447;-1.21139;-0.416462;-0.0208578;0
-3.57158;1.7932;-3.7947;-1.21136;-0.416566;-0.0206163;0
-3.57172;1.7931;-3.79494;-1.21133;-0.416542;-0.0203908;0
-3.57186;1.79299;-3.79519;-1.21131;-0.416542;-0.0203042;0
-3.572;1.79289;-3.79545;-1.21132;-0.416542;-0.0203525;0
-3.57215;1.79278;-3.79573;-1.21133;-0.416537;-0.0203821;0
-3.57229;1.79267;-3.79599;-1.21135;-0.416609;-0.0205235;0
-3.57243;1.79257;-3.79623;-1.21132;-0.41657;-0.0203582;0
-3.57257;1.79246;-3.79649;-1.21132;-0.416531;-0.0203736;0
-3.57271;1.79236;-3.79672;-1.2113;-0.416641;-0.0202185;0
-3.57285;1.79225;-3.79698;-1.21129;-0.416586;-0.0202101;0
-3.57298;1.79215;-3.79721;-1.21127;-0.416427;-0.0200651;0
-3.57311;1.79206;-3.79742;-1.21124;-0.416642;-0.0198278;0
-3.57324;1.79197;-3.79763;-1.2112;-0.416494;-0.0194934;0
-3.57338;1.79186;-3.79789;-1.21121;-0.416609;-0.0195579;0
-3.57352;1.79176;-3.79813;-1.2112;-0.416435;-0.0194786;0
-3.57365;1.79166;-3.79838;-1.21121;-0.416411;-0.0196034;0
-3.57379;1.79155;-3.79863;-1.2112;-0.416528;-0.0195622;0
-3.57393;1.79145;-3.79887;-1.21119;-0.416371;-0.0194387;0
-3.57406;1.79135;-3.79912;-1.21118;-0.416371;-0.0194048;0
-3.5742;1.79125;-3.79934;-1.21114;-0.416353;-0.0191302;0
-3.57433;1.79115;-3.79959;-1.21117;-0.416465;-0.0193429;0
-3.57446;1.79105;-3.79982;-1.21116;-0.416411;-0.019285;0
-3.57459;1.79095;-3.80004;-1.21111;-0.416405;-0.018973;0
-3.57473;1.79085;-3.80029;-1.21112;-0.416377;-0.019013;0
-3.57486;1.79075;-3.80053;-1.2111;-0.416522;-0.0189223;0
-3.575;1.79064;-3.80078;-1.21109;-0.416466;-0.0188762;0
-3.57514;1.79054;-3.80102;-1.21109;-0.416344;-0.0188735;0
-3.57527;1.79044;-3.80125;-1.21106;-0.416303;-0.0186838;0
-3.5754;1.79034;-3.80149;-1.21105;-0.416108;-0.0186506;0
-3.57553;1.79024;-3.80173;-1.21106;-0.415845;-0.0186714;0
-3.57567;1.79014;-3.80197;-1.21106;-0.415845;-0.0186584;0
-3.57579;1.79004;-3.8022;-1.21106;-0.415946;-0.018684;0
-3.57593;1.78994;-3.80243;-1.21103;-0.415783;-0.0184681;0
-3.57607;1.78983;-3.80267;-1.21101;-0.415629;-0.0183287;0
-3.57621;1.78973;-3.80293;-1.21102;-0.415629;-0.0183662;0
-3.57635;1.78963;-3.80316;-1.21099;-0.415596;-0.0180809;0
-3.57649;1.78952;-3.80339;-1.21096;-0.415574;-0.0179181;0
-3.57662;1.78943;-3.80362;-1.21093;-0.415555;-0.0176688;0
-3.57675;1.78933;-3.80383;-1.21088;-0.415519;-0.0173812;0
-3.57688;1.78923;-3.80407;-1.21088;-0.415468;-0.0173257;0
-3.57702;1.78913;-3.8043;-1.21085;-0.415272;-0.0171589;0
-3.57715;1.78902;-3.80454;-1.21084;-0.415272;-0.0171006;0
-3.57683;1.78926;-3.80396;-1.21083;-0.415285;-0.0171124;0
-3.57697;1.78916;-3.80419;-1.21082;-0.414997;-0.0169936;0
-3.57709;1.78907;-3.80441;-1.2108;-0.41511;-0.0168152;0
-3.57677;1.7893;-3.80384;-1.21079;-0.415123;-0.0168501;0
-3.5769;1.78921;-3.80406;-1.21079;-0.4154;-0.0168598;0
-3.57703;1.78911;-3.80431;-1.21084;-0.415471;-0.0171123;0
-3.57715;1.78901;-3.80453;-1.21081;-0.415429;-0.0169206;0
-3.57684;1.78925;-3.80395;-1.21079;-0.415463;-0.0168479;0
-3.57696;1.78915;-3.80417;-1.21076;-0.415463;-0.0166876;0
-3.57709;1.78906;-3.80439;-1.21074;-0.415631;-0.0165681;0
-3.57677;1.78929;-3.80382;-1.21074;-0.415631;-0.0166069;0
-3.5769;1.78919;-3.80407;-1.21077;-0.415738;-0.0167994;0
-3.57703;1.78909;-3.80431;-1.21075;-0.415738;-0.0166633;0
-3.57716;1.78899;-3.80453;-1.21074;-0.415579;-0.016585;0
-3.57685;1.78923;-3.80396;-1.21075;-0.415523;-0.0166556;0
-3.57698;1.78913;-3.80421;-1.21077;-0.415632;-0.0167846;0
-3.57711;1.78904;-3.80444;-1.21074;-0.415744;-0.0165911;0
-3.5768;1.78927;-3.80387;-1.21075;-0.415763;-0.0165995;0
-3.57693;1.78917;-3.8041;-1.21072;-0.415881;-0.0164684;0
-3.57706;1.78908;-3.80432;-1.2107;-0.415996;-0.0163179;0
-3.5772;1.78897;-3.80457;-1.21069;-0.41611;-0.0162718;0
-3.57688;1.78921;-3.80401;-1.2107;-0.416142;-0.0162875;0
-3.57702;1.78911;-3.80426;-1.2107;-0.416133;-0.0163242;0
-3.57714;1.78902;-3.80446;-1.21066;-0.416133;-0.016048;0
-3.57683;1.78925;-3.80388;-1.21065;-0.416174;-0.0160226;0
-3.57696;1.78915;-3.80413;-1.21065;-0.41627;-0.0160555;0
-3.57708;1.78906;-3.80436;-1.21067;-0.416097;-0.0161895;0
-3.57677;1.7893;-3.80379;-1.21068;-0.416045;-0.0161883;0
-3.5769;1.7892;-3.80403;-1.21067;-0.416045;-0.0161136;0
-3.57703;1.78909;-3.80427;-1.21067;-0.415998;-0.0161192;0
-3.57717;1.78899;-3.80452;-1.21067;-0.415998;-0.0161196;0
-3.57685;1.78922;-3.80394;-1.21065;-0.416042;-0.0161099;0
-3.57698;1.78913;-3.80419;-1.21067;-0.416042;-0.0162544;0
-3.5771;1.78903;-3.80441;-1.21065;-0.415905;-0.0161127;0
-3.57679;1.78927;-3.80384;-1.21066;-0.415895;-0.0161805;0
-3.57692;1.78917;-3.80407;-1.21065;-0.415697;-0.0161329;0
-3.57705;1.78907;-3.80429;-1.21061;-0.415661;-0.0158563;0
-3.57717;1.78898;-3.80449;-1.21058;-0.415661;-0.0156803;0
-3.57685;1.78922;-3.80392;-1.21058;-0.415661;-0.0157023;0
-3.57699;1.78912;-3.80415;-1.21056;-0.415661;-0.0155781;0
-3.57711;1.78903;-3.80439;-1.21061;-0.415778;-0.0158595;0
-3.57679;1.78927;-3.80382;-1.2106;-0.415805;-0.015806;0
-3.57691;1.78918;-3.80401;-1.21055;-0.415781;-0.015475;0
-3.57705;1.78908;-3.80426;-1.21055;-0.415781;-0.0154393;0
-3.57718;1.78898;-3.80448;-1.21052;-0.415781;-0.0152506;0
-3.57687;1.78922;-3.80391;-1.21052;-0.415787;-0.0152374;0
-3.57701;1.78911;-3.80417;-1.21052;-0.415883;-0.0152488;0
-3.57714;1.78902;-3.80437;-1.21048;-0.415898;-0.0149671;0
-3.57682;1.78926;-3.8038;-1.21047;-0.415916;-0.0149217;0
-3.57695;1.78916;-3.80401;-1.21043;-0.415916;-0.0146202;0
-3.57707;1.78907;-3.80425;-1.21049;-0.415775;-0.0149364;0
-3.5772;1.78898;-3.80447;-1.21047;-0.415579;-0.0147953;0
-3.57689;1.78922;-3.8039;-1.21047;-0.415588;-0.0147878;0
-3.57702;1.78912;-3.80413;-1.21045;-0.415588;-0.0146493;0
-3.57714;1.78902;-3.80434;-1.21042;-0.415548;-0.01445;0
-3.57683;1.78926;-3.80377;-1.2104;-0.415558;-0.014411;0
-3.57696;1.78916;-3.80401;-1.21043;-0.415397;-0.0145798;0
-3.57709;1.78906;-3.80424;-1.21041;-0.415376;-0.0144141;0
-3.57678;1.7893;-3.80367;-1.2104;-0.415343;-0.0144011;0
-3.57691;1.7892;-3.80391;-1.21038;-0.415461;-0.0142919;0
-3.57704;1.78911;-3.8041;-1.21033;-0.415427;-0.0139071;0
-3.57717;1.78901;-3.80435;-1.21034;-0.415269;-0.0139231;0
-3.57686;1.78924;-3.80378;-1.21035;-0.415269;-0.0139864;0
-3.57698;1.78914;-3.80401;-1.21034;-0.415269;-0.0139634;0
-3.57712;1.78904;-3.80427;-1.21035;-0.415269;-0.0140104;0
-3.5768;1.78928;-3.80369;-1.21034;-0.415273;-0.0139732;0
-3.57694;1.78917;-3.80394;-1.21035;-0.415273;-0.0140761;0
-3.57705;1.78909;-3.80412;-1.2103;-0.415378;-0.013723;0
-3.57717;1.789;-3.80433;-1.21028;-0.415172;-0.0135815;0
-3.57686;1.78924;-3.80376;-1.21027;-0.415207;-0.0135167;0
-3.57698;1.78914;-3.80396;-1.21024;-0.415016;-0.0132966;0
-3.57713;1.78904;-3.80421;-1.21022;-0.414958;-0.0131222;0
-3.57682;1.78928;-3.80364;-1.21023;-0.414958;-0.0131405;0
-3.57695;1.78918;-3.80388;-1.21022;-0.415105;-0.0130673;0
-3.57708;1.78908;-3.8041;-1.2102;-0.415254;-0.012925;0
-3.57721;1.78898;-3.80435;-1.21022;-0.415254;-0.0130582;0
-3.57689;1.78921;-3.80378;-1.21021;-0.4153;-0.0131004;0
-3.57701;1.78912;-3.804;-1.21021;-0.415436;-0.0131441;0
-3.57713;1.78902;-3.80423;-1.2102;-0.415436;-0.0130949;0
-3.57682;1.78926;-3.80366;-1.21021;-0.415472;-0.0131553;0
-3.57696;1.78915;-3.80391;-1.21021;-0.415472;-0.013133;0
-3.57709;1.78905;-3.80414;-1.21019;-0.4156;-0.0129714;0
-3.57678;1.78929;-3.80357;-1.21017;-0.415589;-0.0129398;0
-3.57691;1.78919;-3.8038;-1.21015;-0.415741;-0.0128308;0
-3.57704;1.78909;-3.80403;-1.21014;-0.415741;-0.0127287;0
-3.57718;1.78898;-3.80428;-1.21012;-0.415741;-0.0126065;0
-3.57686;1.78922;-3.8037;-1.21012;-0.415813;-0.0125804;0
-3.57698;1.78913;-3.80393;-1.21013;-0.415921;-0.0126724;0
-3.57711;1.78903;-3.80417;-1.21016;-0.415907;-0.0128758;0
-3.57679;1.78927;-3.8036;-1.21016;-0.415941;-0.0128881;0
-3.57692;1.78917;-3.80383;-1.21016;-0.415765;-0.0128393;0
-3.57705;1.78907;-3.80408;-1.21017;-0.415621;-0.0129513;0
-3.57718;1.78897;-3.80431;-1.21017;-0.415437;-0.0129441;0
-3.57687;1.78921;-3.80374;-1.21018;-0.415521;-0.0129594;0
-3.577;1.78911;-3.80399;-1.21018;-0.41552;-0.0129821;0
-3.57713;1.78902;-3.8042;-1.21014;-0.415697;-0.0127377;0
-3.57681;1.78926;-3.80363;-1.21014;-0.415724;-0.012719;0
-3.57694;1.78916;-3.80385;-1.21013;-0.415917;-0.0126812;0
-3.57708;1.78906;-3.8041;-1.21011;-0.415917;-0.0125373;0
-3.57677;1.78929;-3.80353;-1.21011;-0.415917;-0.012526;0
-3.5769;1.78919;-3.80376;-1.21009;-0.415877;-0.0123573;0
-3.57703;1.7891;-3.804;-1.2101;-0.416138;-0.0123886;0
-3.57716;1.789;-3.80423;-1.21008;-0.416138;-0.0122875;0
-3.57685;1.78923;-3.80366;-1.21009;-0.416217;-0.0123476;0
-3.57699;1.78913;-3.80392;-1.2101;-0.416207;-0.0123955;0
-3.57713;1.78903;-3.80417;-1.2101;-0.416207;-0.0124078;0
-3.57681;1.78926;-3.80359;-1.21008;-0.416209;-0.0123729;0
-3.57694;1.78916;-3.80383;-1.21008;-0.416209;-0.0123776;0
-3.57708;1.78906;-3.80408;-1.21006;-0.416209;-0.0122297;0
-3.57677;1.78929;-3.8035;-1.21006;-0.416242;-0.012242;0
-3.5769;1.78919;-3.80376;-1.21009;-0.416338;-0.0123927;0
-3.57703;1.78909;-3.804;-1.21008;-0.416338;-0.0123775;0
-3.57716;1.789;-3.80421;-1.21005;-0.41644;-0.012117;0
-3.57685;1.78924;-3.80364;-1.21005;-0.41644;-0.0121285;0
-3.57699;1.78913;-3.80389;-1.21003;-0.41644;-0.0120144;0
-3.57712;1.78903;-3.80413;-1.21003;-0.41644;-0.0119658;0
-3.57681;1.78927;-3.80356;-1.21002;-0.41644;-0.0118959;0
-3.57694;1.78916;-3.8038;-1.21002;-0.416393;-0.011902;0
-3.57708;1.78906;-3.80403;-1.20999;-0.416352;-0.0117455;0
-3.57677;1.7893;-3.80347;-1.21;-0.416352;-0.0117964;0
-3.57689;1.7892;-3.80371;-1.21002;-0.416352;-0.0119417;0
-3.57703;1.7891;-3.80394;-1.21;-0.416311;-0.0117628;0
-3.57717;1.789;-3.80418;-1.20998;-0.416242;-0.0116463;0
-3.57685;1.78923;-3.80361;-1.20998;-0.416242;-0.0116971;0
-3.57699;1.78914;-3.80383;-1.20994;-0.416225;-0.011374;0
-3.57712;1.78904;-3.80408;-1.20997;-0.416225;-0.0115721;0
-3.5768;1.78928;-3.80351;-1.20999;-0.416225;-0.0116018;0
-3.57694;1.78918;-3.80375;-1.20997;-0.416178;-0.0115143;0
-3.57707;1.78908;-3.80399;-1.20998;-0.416254;-0.0116139;0
-3.5772;1.78898;-3.80424;-1.21;-0.416364;-0.0117431;0
-3.57688;1.78922;-3.80366;-1.20999;-0.416365;-0.0116745;0
-3.57701;1.78912;-3.80388;-1.20997;-0.416384;-0.0115356;0
-3.57715;1.78901;-3.80413;-1.20996;-0.416384;-0.0114822;0
-3.57683;1.78925;-3.80356;-1.20996;-0.416399;-0.0114842;0
-3.57697;1.78915;-3.80381;-1.20998;-0.416258;-0.0115772;0
-3.5771;1.78905;-3.80404;-1.20995;-0.416237;-0.0114024;0
-3.57678;1.78929;-3.80346;-1.20994;-0.416246;-0.0113972;0
-3.57691;1.78918;-3.8037;-1.20992;-0.416204;-0.011267;0
-3.57704;1.78909;-3.80392;-1.2099;-0.416354;-0.0111243;0
-3.57718;1.78898;-3.80418;-1.20992;-0.416424;-0.0112365;0
-3.57687;1.78922;-3.80361;-1.20993;-0.416424;-0.0112509;0
-3.577;1.78912;-3.80386;-1.20994;-0.416451;-0.0113762;0
-3.57713;1.78903;-3.80407;-1.2099;-0.416417;-0.0110665;0
-3.57682;1.78927;-3.8035;-1.2099;-0.416388;-0.011017;0
-3.57695;1.78916;-3.80375;-1.20992;-0.416388;-0.0111497;0
-3.57709;1.78906;-3.80399;-1.2099;-0.416388;-0.0109871;0
-3.57678;1.7893;-3.80341;-1.20989;-0.416339;-0.0109687;0
-3.57692;1.78919;-3.80366;-1.20987;-0.416339;-0.0108145;0
-3.57706;1.78909;-3.8039;-1.20986;-0.416317;-0.0106874;0
-3.57719;1.78898;-3.80415;-1.20986;-0.416305;-0.0107191;0
-3.57688;1.78923;-3.80359;-1.20987;-0.416305;-0.0107585;0
-3.57702;1.78912;-3.80383;-1.20987;-0.41614;-0.0107436;0
