3.65864;-5.44743;-7.02954;-14.8122;0;2.44519;0
2.96679;-4.34457;-7.11805;-12.6409;-0.012398;2.27748;0
1.93105;-2.72138;-7.01379;-10.0477;-0.0238518;1.70322;0
0.909033;-1.27585;-6.44287;-7.57283;-0.0530655;1.31888;0
-0.0550429;0.0304596;-5.76539;-5.51777;-0.0419125;1.09108;0
-0.866599;1.21538;-5.22268;-3.92072;0.374123;0.946719;0
-1.41997;2.02974;-4.76517;-2.98417;-0.225828;0.436718;0
-1.90963;2.82248;-4.4648;-2.16132;-0.0602786;0.439414;0
-2.28293;3.48773;-4.22581;-1.64019;-0.456235;0.249807;0
-2.60336;4.13572;-4.01736;-1.10581;-0.884617;0.495435;0
-2.87269;4.7155;-3.87282;-0.847535;-0.579172;0.0516335;0
-3.14356;5.24919;-3.74537;-0.590253;-0.924277;0.151393;0
-3.43092;5.89664;-3.66413;-0.188926;1.00414;0.523996;0
-3.64247;6.48065;-3.55735;0.163999;1.54678;1.22046;0
-3.85813;7.10565;-3.40008;0.225942;-1.3893;0.0576588;0
-4.09923;7.69737;-3.31931;0.891542;2.10064;2.82598;0
-4.31237;8.2188;-3.20371;0.548028;1.43788;0.0109671;0
-4.53037;8.85081;-3.02586;0.742916;-0.0151576;-0.428635;0
-4.72349;9.3368;-2.88872;1.04193;2.5106;0.881216;0
-4.88351;9.86544;-2.64725;1.0264;-0.0222071;-0.627697;0
-5.04775;10.3279;-2.36608;1.71984;-4.53657;2.81952;0
-5.20847;10.658;-2.17305;1.21837;1.39519;-0.365021;0
-5.31816;10.9505;-1.85763;1.38868;-0.0351685;-0.442416;0
-5.34293;11.2263;-1.56342;1.51728;-0.0118958;-0.708403;0
-5.45076;11.2078;-1.17978;2.04547;-5.5995;3.37098;0
-5.46981;11.1978;-0.945603;1.45816;0.0732883;-0.714935;0
-5.47925;10.9886;-0.702835;1.52413;2.83942;0.185777;0
-5.44664;10.8293;-0.289316;1.49329;-4.03251;0.338016;0
-5.42439;10.498;-0.0460612;1.22374;-3.12363;-0.165944;0
-5.37985;10.1315;0.198929;1.09776;0.0299803;-0.664632;0
-5.29463;9.72966;0.413517;1.00679;-0.0294212;-0.324801;0
-5.23442;9.28301;0.62667;1.08811;4.24039;0.807112;0
-5.06552;8.85335;0.891307;0.805885;-2.16314;-0.0718459;0
-4.92211;8.45952;1.05604;0.712205;0.0407082;-0.238831;0
-4.80574;8.01697;1.15399;1.05308;0.0348758;2.23099;0
-4.59473;7.60045;1.23377;0.536948;0.0697988;-0.43561;0
-4.39296;7.14557;1.29066;0.43293;0.0332265;-0.301207;0
-4.19249;6.75202;1.37577;0.635114;-0.0219603;0.960333;0
-3.90287;6.36865;1.32509;0.42822;0.0580047;-0.0666996;0
-3.74334;5.98831;1.33929;0.252413;0.0287348;-0.307871;0
-3.51077;5.67305;1.2915;0.321603;-0.0119591;-0.120891;0
-3.28001;5.3667;1.20106;0.247667;0.0608055;-0.210666;0
-3.0173;5.08051;1.09733;0.192493;0.015417;-0.312505;0
-2.72573;4.82568;0.955914;0.246763;0.0366617;-0.25626;0
-2.58776;4.55063;0.900431;0.201665;0.00701747;-0.249782;0
-2.26993;4.3081;0.707627;0.198702;-0.840998;-0.221265;0
-2.09859;4.10059;0.631251;0.273763;-1.65258;0.0793709;0
-1.77484;3.90714;0.362288;0.245571;-0.00559024;-0.213099;0
-1.65784;3.67803;0.257456;0.340143;2.55077;0.682119;0
-1.40461;3.54398;0.0877523;0.235479;-0.0351955;-0.00669711;0
-1.16891;3.33744;-0.0811998;0.198688;-0.82823;-0.126094;0
-0.942732;3.1744;-0.267677;0.189576;-0.706551;-0.168481;0
-0.854236;3.04362;-0.339863;0.180557;0.0404831;-0.204675;0
-0.297591;2.89435;-0.861394;0.221432;0.193626;-0.0371523;0
-0.338272;2.7647;-0.755327;0.363782;-2.38062;1.02444;0
-0.200653;2.65554;-0.933863;0.173067;0.777402;-0.163237;0
-0.0349773;2.53394;-1.04095;0.224463;-1.49685;0.247449;0
0.212228;2.43632;-1.28858;0.280468;0.0478759;0.503477;0
0.237176;2.3514;-1.32277;0.179537;0.437505;-0.156186;0
0.453814;2.24712;-1.49429;0.189635;-1.01057;0.146013;0
0.569539;2.14409;-1.61986;0.146678;-0.041829;-0.152772;0
0.781736;2.0595;-1.82965;0.188126;0.0451092;0.155043;0
0.838004;1.99636;-1.86409;0.174959;-1.00207;0.0859283;0
0.969977;1.94548;-2.01283;0.166563;0.4186;-0.0664614;0
1.12352;1.85934;-2.15749;0.117818;0.255319;-0.136397;0
1.2613;1.79009;-2.27532;0.0895174;-0.494741;-0.0208201;0
1.33895;1.7549;-2.35245;0.117525;-0.711066;-0.0263592;0
1.45889;1.70902;-2.47439;0.109359;-0.0574647;-0.0912301;0
1.56818;1.65088;-2.60306;0.106462;0.637031;0.00887345;0
1.63906;1.63354;-2.66591;0.088521;-0.0540803;-0.1262;0
1.72717;1.60872;-2.7508;0.0908298;-0.0561822;-0.0842616;0
1.81031;1.57333;-2.84333;0.0821668;-0.0517394;-0.0835174;0
1.89172;1.53307;-2.93416;0.0941079;0.519621;0.0855671;0
1.97468;1.50863;-3.00184;0.0815842;-0.431557;0.0379899;0
2.02109;1.51094;-3.06609;0.0803784;-0.0624581;-0.0418531;0
2.07938;1.52566;-3.13407;0.107589;0.173079;-0.00871469;0
2.14951;1.49194;-3.19163;0.0876247;-0.372268;0.0575724;0
2.18011;1.4987;-3.25488;0.0615108;-0.0707948;-0.00623588;0
2.20309;1.51875;-3.30673;0.0871829;0.142009;0.0238527;0
2.28569;1.4724;-3.34574;0.0729405;-0.204899;0.0252863;0
2.29313;1.50477;-3.38318;0.0674867;-0.0606747;0.0205214;0
2.33952;1.49723;-3.42399;0.0650527;-0.0712399;0.0228869;0
2.31812;1.51464;-3.44169;0.0726283;-0.191595;0.0572854;0
2.34756;1.51604;-3.46841;0.0649316;-0.0593606;0.0551642;0
2.34799;1.55847;-3.47913;0.0786019;-0.216834;0.0844014;0
2.35331;1.60624;-3.50695;0.0708906;-0.0606972;0.0502485;0
2.35582;1.57454;-3.49505;0.0398668;-0.0543642;0.0685202;0
2.34336;1.57024;-3.49496;0.0152386;-0.0617493;0.0629946;0
2.30604;1.62542;-3.48264;0.0434118;-0.0481871;0.0389872;0
2.2687;1.71526;-3.47581;0.0811016;-0.0756849;0.0555071;0
2.23301;1.71159;-3.45292;0.0843748;-0.067603;0.0625833;0
2.2019;1.72354;-3.41688;0.0524392;-0.0553237;0.0426203;0
2.17042;1.72213;-3.38086;0.0229143;-0.080813;0.0393764;0
2.13144;1.68427;-3.32857;0.00459667;-0.0743759;0.0568696;0
2.06985;1.75152;-3.27111;0.0317534;-0.168422;0.0714653;0
1.99951;1.75618;-3.21689;-0.00295677;-0.0667547;0.0433194;0
1.9303;1.81119;-3.15916;0.051028;-0.05557;0.0626007;0
1.84057;1.81857;-3.09182;0.0617168;-0.0507691;0.0513133;0
1.77951;1.82326;-3.01869;0.0289851;-0.14668;0.0598543;0
1.72023;1.80283;-2.94494;0.0155071;0.217536;0.00520333;0
1.66402;1.79757;-2.86153;-0.00431404;-0.0338693;-0.0454041;0
1.56839;1.81437;-2.78451;0.0345804;0.0898034;0.0275011;0
1.51458;1.79664;-2.69608;0.00507125;-0.0495855;0.0409494;0
1.42375;1.80859;-2.62016;0.00237634;0.264209;-0.0170298;0
1.37954;1.75792;-2.54313;-0.00176384;0.149386;-0.00329842;0
1.28019;1.77987;-2.44586;-0.0164651;-0.463934;-0.225661;0
1.22805;1.74818;-2.37773;2.20772e-05;0.266569;-0.0716792;0
1.15495;1.72931;-2.29646;0.0149659;-0.0409285;0.0416377;0
1.08721;1.7341;-2.20259;0.0119707;-0.246933;0.0256378;0
1.04726;1.68396;-2.13749;0.00417474;-0.0433745;0.0364069;0
0.952605;1.70272;-2.05528;0.0322009;-0.0417246;-0.0416369;0
0.933369;1.6311;-2.00296;0.000566574;0.219828;-0.0353295;0
0.86759;1.63281;-1.91813;0.0177072;-0.0420744;0.00803839;0
0.796398;1.63776;-1.83979;0.0248435;-0.0361902;-0.0515317;0
0.778233;1.5744;-1.78933;0.0123757;-0.0309126;0.0249172;0
0.726777;1.55927;-1.72363;0.0077463;-0.0320086;0.0242379;0
-3.82043;1.85428;-8.48981;-3.80207;-0.466005;0.685568;0
-4.93359;3.27776;-7.45733;-2.47824;-0.136689;0.398377;0
-6.05179;4.73069;-6.2395;-1.17237;-0.132905;0.0364784;0
-6.94291;5.9952;-5.08555;0.0280945;-0.135971;-0.259509;0
-7.77649;7.17777;-4.06537;1.1521;-0.169541;-0.578158;0
-8.46196;8.09704;-3.17116;2.00758;-2.68636;-2.11788;0
-8.76945;8.71618;-2.74415;2.87476;-0.0497046;-1.01346;0
-8.98793;9.14827;-2.52103;3.42709;0.838918;-1.17651;0
-9.01223;9.40376;-2.51648;3.91997;-1.03165;-1.11229;0
-8.92647;9.54959;-2.73397;4.20189;0.998629;-1.30546;0
-8.82445;9.51127;-2.88061;4.53366;-0.104004;-1.05015;0
-8.6135;9.33807;-3.21375;4.49943;-2.20696;-1.3881;0
-8.42743;9.15019;-3.47831;4.56535;-1.96114;-1.48047;0
-8.26877;8.88317;-3.72983;4.557;0.0328461;-2.00914;0
-7.91124;8.58959;-4.09651;4.45832;-0.0686428;-0.832621;0
-7.79769;8.30886;-4.33973;3.97354;-2.45258;-3.80278;0
-7.57632;7.98717;-4.65829;3.84821;1.07105;-3.64249;0
-7.34908;7.59852;-4.74854;4.01233;-0.0664524;-1.22181;0
-7.19084;7.30632;-4.90327;4.09127;-0.459364;-0.313491;0
-6.99808;6.91464;-5.0493;3.87927;-0.04869;-0.612713;0
-6.78712;6.56973;-5.15566;3.65588;0;-0.460898;0
-6.66488;6.24735;-5.22255;3.55647;0;-0.435227;0
-6.40217;5.97445;-5.35748;3.30801;0;-0.472755;0
-6.27542;5.57516;-5.28962;3.18149;0;-0.165094;0
-6.07781;5.30599;-5.35645;2.94807;0;-0.176832;0
-5.95879;5.03639;-5.38129;2.80439;0.0415717;-0.251977;0
-5.83729;4.72573;-5.32307;2.76825;0.0282897;-0.141817;0
-5.68416;4.52558;-5.34686;2.71929;0.136258;0.879685;0
-5.43635;4.29705;-5.35528;2.37329;-0.0831329;0.0779358;0
-5.36125;3.98898;-5.2694;2.31922;0;-0.413667;0
-5.21027;3.76781;-5.24802;2.18317;0;-0.201957;0
-5.09262;3.56998;-5.17148;2.26962;1.02154;0.927191;0
-4.88885;3.37694;-5.13061;1.88145;0.049564;0.0414657;0
-4.81074;3.08505;-4.96669;1.97376;0;0.119333;0
-4.65772;2.99621;-5.00094;1.70807;0;-0.271208;0
-4.54082;2.79406;-4.88002;1.99307;0.382267;1.79317;0
-4.42275;2.59289;-4.79332;1.61177;0;-0.168062;0
-4.28295;2.4207;-4.67573;1.53461;0;-0.132088;0
-4.17333;2.33901;-4.65797;1.41975;0;-0.14655;0
-4.0419;2.16966;-4.54381;1.38421;0;0.042564;0
-3.93038;1.99092;-4.3898;1.37414;0;-0.165678;0
-3.82611;1.91603;-4.39027;1.26388;0;-0.00363362;0
-3.72879;1.8325;-4.33327;1.13902;0;-0.150614;0
-3.59959;1.7141;-4.24076;1.13131;0;-0.108313;0
-3.50091;1.57144;-4.11458;1.14352;0;0.0365184;0
-3.41884;1.53586;-4.07305;1.05223;0;-0.0279781;0
-3.30994;1.43017;-3.98914;0.988515;0;0.0569639;0
-3.20329;1.29265;-3.83329;0.970354;0;-0.000209526;0
-3.13489;1.28506;-3.84114;0.834617;0;-0.213717;0
-3.02954;1.14387;-3.67986;0.908463;0;-0.156385;0
-2.96528;1.15446;-3.71037;0.791647;0;-0.0220201;0
-2.86095;1.03132;-3.54793;0.790296;0;-0.232488;0
-2.7763;0.960238;-3.43765;0.979329;0.0867966;1.30298;0
-2.69353;0.892078;-3.37447;0.749722;0;-0.0385624;0
-2.66209;0.942698;-3.42652;0.627659;0;-0.0446;0
-2.56337;0.852185;-3.31944;0.650796;0;0.120349;0
-2.48748;0.781579;-3.212;0.638085;0;-0.00930102;0
-2.42958;0.746922;-3.1677;0.597006;0;-0.159515;0
-2.37006;0.743314;-3.1379;0.530378;0;0.0303406;0
-2.3188;0.710321;-3.10305;0.509926;0;0.0337798;0
-2.25792;0.685076;-3.05481;0.437386;0;-0.0944714;0
-2.21628;0.665158;-3.01951;0.438495;0;0.0683376;0
-2.14225;0.590424;-2.89737;0.415029;0;-0.167336;0
-2.07403;0.55583;-2.83637;0.434705;0;0.0569872;0
-2.05526;0.568624;-2.84138;0.522041;0.131809;0.927067;0
-1.97723;0.508863;-2.74056;0.404361;-0.0246021;0.135033;0
-1.90032;0.449441;-2.62717;0.394492;0;0.0273555;0
-1.87026;0.440537;-2.62469;0.373119;0;0.0179214;0
0.452206;-1.08415;-5.47489;-9.31481;0;1.65786;0
-0.344396;-1.61889;-5.73479;-7.5269;0;1.44335;0
-1.08315;-2.27194;-5.85618;-5.66037;0.019162;1.5084;0
-1.82477;-2.80703;-6.04878;-3.8942;3.04386;1.59222;0
-2.35646;-3.48359;-5.97946;-2.35798;0.881699;0.358368;0
-3.03398;-4.01843;-6.12849;0.0225639;-2.48988;4.45202;0
-3.38071;-4.50507;-6.14826;0.509957;-1.7284;-0.0991268;0
-3.64068;-4.91609;-6.10191;1.42053;-1.1441;-0.919163;0
-4.1498;-5.1215;-6.54993;2.09255;0.829532;-0.643961;0
-3.83414;-5.59361;-5.88513;2.93246;-1.85047;-0.22946;0
-4.04718;-5.66575;-6.16102;3.05931;0.253687;-0.448276;0
-4.38831;-5.66583;-6.51791;3.12795;-1.44596;-0.887541;0
-10.4988;-4.95926;-14.9037;3.01494;0.752249;-2.09775;0
-10.4168;-5.59369;-14.8238;3.07631;0.0912951;-0.798256;0
-10.1955;-6.19823;-14.4708;2.52701;-0.117469;-3.44341;0
-10.1828;-6.83039;-14.4346;2.46961;-0.167633;-2.18907;0
-10.725;-7.48353;-15.0708;2.70355;0;-0.102009;0
-9.96745;-8.05336;-14.0051;2.9143;0;0.0583999;0
-10.0743;-8.51182;-14.2168;2.84535;0;2.20802;0
-11.0853;-9.27468;-15.5087;1.8719;1.72074;-0.941645;0
-10.7784;-9.95734;-15.1284;1.91821;0;-0.661994;0
-9.96526;-10.3833;-14.0979;2.08743;0;-0.0143177;0
-10.8132;-11.1439;-15.2103;1.11419;-0.424419;-1.37883;0
-10.3939;-11.5907;-14.7034;1.12005;0;-0.874461;0
-9.78161;-11.8037;-13.7366;1.38342;0;1.4829;0
-8.93831;-11.751;-12.8055;1.39323;0;0.655406;0
-8.64209;-11.7845;-12.2937;0.790113;1.3775;-0.98816;0
-7.82971;-11.4827;-11.2176;1.10386;0;0.93569;0
-7.26818;-11.0209;-10.2885;1.55259;2.08862;3.58574;0
-6.94372;-10.5693;-9.63282;0.845367;0.52495;1.47898;0
-6.1713;-9.96575;-8.6097;0.808332;0;0.150507;0
-5.71586;-9.29434;-7.81044;1.04027;0.672257;3.18339;0
-5.29172;-8.68781;-6.99079;0.425413;1.30094;-0.815412;0
-5.03087;-8.16709;-6.35287;0.461078;-1.78742;0.34421;0
-4.57963;-7.50063;-5.61286;0.552488;1.38635;0.695232;0
-4.23655;-6.94588;-4.93111;0.405397;-0.61816;-0.874181;0
-4.02737;-6.42;-4.40947;0.660137;-0.359265;1.41986;0
-3.75012;-5.88176;-3.84737;0.352196;-0.804039;-0.457675;0
-2.87383;-3.98336;-1.55674;0.320033;-0.212665;-0.479269;0
-2.90783;-3.91901;-1.54924;0.321704;-0.0967466;-0.502937;0
-2.88822;-3.76662;-1.47166;0.338746;0.0163671;-0.153453;0
-3.16388;-3.89879;-1.60742;0.180405;-0.146226;-0.304414;0
-2.99644;-3.58189;-1.34466;0.17967;0.318762;-0.56139;0
-3.1137;-3.58462;-1.37291;0.150966;0.0111681;-0.125747;0
-2.92918;-3.30735;-1.1448;0.26503;0.215309;-0.0266279;0
-2.88135;-3.1668;-1.06566;0.22722;-0.0586689;-0.248777;0
-2.88762;-3.06384;-0.994567;0.181426;0.0319853;-0.480615;0
-2.89821;-2.97075;-0.89973;0.178724;-0.0446713;-0.480287;0
-2.87739;-2.90255;-0.885119;0.206845;-0.0300641;-0.239944;0
-2.91274;-2.82983;-0.815866;0.160708;-0.0332323;-0.379601;0
-2.71198;-2.60137;-0.676938;0.243216;-0.232965;-0.314108;0
-2.62797;-2.47649;-0.620987;0.258517;0.114018;-0.318433;0
-2.75302;-2.47445;-0.590468;0.202737;-0.0195376;-0.198826;0
-2.62161;-2.31597;-0.485655;0.271663;-0.271556;-0.0307872;0
-2.34966;-2.0898;-0.41948;0.312456;-0.13245;-0.255069;0
-2.4802;-2.09171;-0.352698;0.25418;0.00789216;-0.382933;0
-2.4427;-2.0306;-0.352327;0.314842;0.124444;0.0975785;0
-2.11308;-1.73718;-0.223955;0.31895;0.0556433;-0.201867;0
-2.32657;-1.83364;-0.236768;0.266295;-0.0511235;-0.194158;0
-2.30154;-1.7267;-0.123322;0.256079;-0.00914185;-0.215904;-0
-2.11865;-1.57097;-0.0854033;0.257529;-0.0193915;-0.375359;-0
-1.93688;-1.39588;0.0199092;0.319383;-0.180298;-0.00814551;-0
-2.03989;-1.41598;0.0397173;0.275881;0.0700744;-0.125725;-0
-1.77398;-1.23035;0.0582007;0.257601;-0.146538;-0.372939;-0
-1.88574;-1.22635;0.152101;0.262803;-0.128899;-0.195421;-0
-1.85605;-1.14561;0.223564;0.255974;-0.00895495;-0.116009;-0
-2.01671;-1.11634;0.396539;0.204847;-0.0992705;-0.150311;-0
-1.8787;-0.981073;0.469666;0.196282;-0.0375442;-0.172915;-0
-1.69562;-0.882126;0.44629;0.235253;0.158297;-0.0551504;-0
-1.74383;-0.783846;0.63804;0.19564;-0.00365264;-0.087991;-0
-1.59933;-0.714296;0.595671;0.208571;-0.133321;-0.0842467;-0
-1.49836;-0.620588;0.648227;0.190035;0.156114;-0.145424;-0
-1.49519;-0.527082;0.78205;0.159255;-0.133089;-0.144002;-0
-1.36314;-0.445048;0.780109;0.168316;-0;-0.0735774;-0
-1.33736;-0.385817;0.85019;0.169457;-0.0582222;-0.0266125;-0
-1.31674;-0.273866;1.00454;0.121962;0.142616;-0.111383;-0
-1.2604;-0.208511;1.05233;0.117339;0.056325;-0.068446;-0
-1.22814;-0.0977233;1.19164;0.0420948;-0.00117681;-0.271007;-0
-1.06728;-0.116987;0.99979;0.0882422;0.0716909;-0.138818;-0
-1.11489;0.0395199;1.31195;0.0474905;-0.0174908;-0.0235956;-0
-1.05381;0.0649783;1.2887;0.0288097;-0;-0.0426569;-0
-1.00646;0.177889;1.42465;-0.00667679;0.0336366;-0.0331644;-0
-0.948766;0.147996;1.30703;0.0152089;-0;-0.0230766;-0
-0.959188;0.215986;1.4332;-0.0338048;-0;-0.0367155;-0
-0.936518;0.279805;1.51297;-0.060086;-0;-0.0311013;-0
-0.927636;0.306097;1.53728;-0.0733291;-0.0296547;-0.0137648;-0
-0.86944;0.337064;1.53083;-0.110615;-0.00204638;-0.150143;-0
-0.863522;0.393576;1.61624;-0.116685;-0;-0.00813282;-0
-0.853992;0.430455;1.65983;-0.142624;-0.0142028;-0.0131804;-0
-0.85976;0.443366;1.67766;-0.166917;-0.00995146;0.0280522;-0
-0.845442;0.429595;1.63613;-0.177607;-0;0.00918278;-0
-0.831429;0.426378;1.6097;-0.191527;-0;-0.0357062;-0
-0.806383;0.479627;1.67114;-0.220658;-0.0287994;-0.0344365;-0
-0.830765;0.541881;1.78241;-0.24165;-0;0.0213514;-0
-0.832956;0.530362;1.76106;-0.254968;-0;0.0157976;-0
-0.828034;0.57065;1.81855;-0.293114;-0;-0.0050545;-0
-0.829668;0.543542;1.76575;-0.297397;0.0123148;-0.0363856;-0
-0.864497;0.539937;1.77499;-0.320304;-0;0.000476246;-0
-0.842423;0.593286;1.8348;-0.352411;-0;0.00874387;-0
-0.84314;0.585393;1.81696;-0.358782;-0;-0.00701904;-0
-0.838005;0.614344;1.85474;-0.377156;-0;0.0047551;-0
-0.874018;0.576687;1.81356;-0.395049;-0;0.0327664;-0
-0.861338;0.608309;1.84284;-0.403957;0.0196567;0.00440556;-0
-0.847709;0.589904;1.80323;-0.40591;-0.00772564;0.026579;-0
-0.867418;0.594207;1.8155;-0.412439;-0.0160677;0.0436116;-0
-0.873778;0.590421;1.79799;-0.432526;-0.049829;0.0656892;-0
-0.892221;0.614914;1.84462;-0.448519;0.0151589;0.0674642;-0
-0.884782;0.57208;1.75494;-0.449939;0.0366749;0.0075236;-0
-0.894314;0.580663;1.76329;-0.499415;-0;-0.0416588;-0
-0.884257;0.581616;1.75645;-0.46387;-0;0.0704024;-0
-0.918985;0.564672;1.73915;-0.498178;-0;0.0154823;-0
-0.943568;0.554692;1.74391;-0.478999;-0.00382941;0.08546;-0
-0.947457;0.541305;1.72295;-0.494319;-0;0.0445584;-0
-0.932764;0.531159;1.67658;-0.492685;-0;0.0484743;-0
-0.928601;0.52922;1.66916;-0.488119;0.0239793;0.0742224;-0
-0.905491;0.509004;1.60926;-0.492996;-0.0561998;0.0259198;-0
-0.959925;0.505275;1.62883;-0.505856;-0;0.0658737;-0
-0.967491;0.484485;1.59356;-0.503222;-0;0.0800995;-0
-0.970768;0.469156;1.57292;-0.503531;-0.0882955;0.0350506;-0
-0.946202;0.472017;1.55909;-0.497202;-0;-0.0350836;-0
-0.935824;0.441695;1.4867;-0.483888;0.0050802;0.077654;-0
-0.946007;0.438816;1.48013;-0.496751;0.0428468;-0.0246664;-0
-0.963929;0.417424;1.46119;-0.467751;0.00472639;0.112923;-0
-0.918537;0.409559;1.40578;-0.484445;-0;-0.0283333;-0
-0.959146;0.387311;1.39845;-0.471941;-0.00355482;-0.00523781;-0
-0.939456;0.372072;1.35986;-0.451295;-0;0.0739885;-0
-0.888046;0.367616;1.302;-0.46019;-0.0160886;-0.0479006;-0
-0.954702;0.347852;1.31665;-0.447342;-0.0423806;0.113561;-0
-0.937007;0.330983;1.27798;-0.444016;-0;0.0664299;-0
-0.934434;0.315411;1.24496;-0.43327;0.0412679;0.0895377;-0
-0.934287;0.307321;1.22294;-0.422918;-0;0.0629242;-0
-0.949596;0.289395;1.21403;-0.406827;-0.0745413;0.105845;-0
-0.92457;0.280896;1.17129;-0.427825;0.0437611;-0.0795823;-0
-0.910187;0.26407;1.13836;-0.393595;-0.0191069;-0.0312543;-0
-0.927159;0.252015;1.12676;-0.39129;-0;0.0231919;-0
-0.88722;0.239917;1.07868;-0.380859;-0.036853;-0.0539144;-0
-0.867807;0.231128;1.04262;-0.374886;-0.00635644;-0.0301418;-0
-0.907393;0.21134;1.04685;-0.3501;-0;0.0840862;-0
-0.871269;0.209144;1.01007;-0.363847;0.0619272;-0.0503227;-0
-0.899228;0.18882;1.00263;-0.346891;-0.00802545;-0.00970067;-0
-0.884972;0.181408;0.974322;-0.341341;-0.0784162;-0.0401648;-0
-0.897713;0.170568;0.965564;-0.327378;0.075062;0.00636783;-0
-0.88901;0.153615;0.941226;-0.299756;-0.019651;0.109194;-0
-0.883435;0.146998;0.92294;-0.306579;-0;0.0089288;-0
-0.871465;0.140277;0.90203;-0.274502;0.0216586;0.140523;-0
-0.884639;0.129243;0.890581;-0.298382;0.0365827;-0.0485041;-0
-0.901632;0.114262;0.885591;-0.265632;-0;0.120531;-0
-0.87634;0.10622;0.852255;-0.275384;-0;-0.0198175;-0
-0.913643;0.098942;0.864678;-0.277731;0.138312;0.0565284;-0
-0.849383;0.0939506;0.804287;-0.267456;0.0494494;-0.0613798;-0
4.09845;9.11759;16.4139;-9.80546;-0.419899;0.827671;-0
2.9298;7.62617;14.485;-9.67244;0.042969;1.64018;-0
2.46068;6.4184;12.5691;-9.24883;-0.954536;1.98889;-0
1.96462;5.30158;10.9945;-8.85087;1.30442;2.1248;-0
1.53042;4.25314;9.73742;-7.99444;-1.54867;2.55014;-0
1.05613;3.30402;8.78043;-7.45939;0.118038;1.22384;-0
0.849455;2.66587;8.08266;-6.57108;-1.9076;2.8568;-0
0.529272;1.93287;7.46698;-6.25939;0.133727;0.995959;-0
0.328673;1.48506;7.00624;-5.64606;-1.0059;1.2156;-0
0.11289;1.09293;6.57073;-5.35192;-0.977483;1.01287;-0
-0.120194;0.663262;6.24675;-4.80406;1.00211;0.857232;-0
-0.253881;0.361787;5.99863;-4.33892;-2.55275;1.7798;-0
-0.443158;0.0746957;5.6491;-4.07481;0.12129;0.60507;-0
-0.579841;-0.0893595;5.40448;-3.82528;0.101572;0.546493;-0
-0.685084;-0.251208;5.20004;-3.57985;-0.808539;0.649878;-0
-0.798959;-0.356869;4.97768;-3.35333;0.0993815;0.429864;-0
-0.904162;-0.485105;4.77567;-3.1381;0.100843;0.352187;-0
-0.968731;-0.530786;4.58195;-2.88427;1.75425;0.9023;-0
-1.06273;-0.634961;4.45117;-2.66863;0.0862977;0.280481;-0
-1.13024;-0.673187;4.29334;-2.55474;0.0900754;0.248226;-0
-1.1924;-0.731717;4.18284;-2.29854;-1.22624;0.556129;-0
-1.25635;-0.757682;4.02552;-2.23113;0.0898374;0.180114;-0
-1.30699;-0.77196;3.89233;-2.05354;0.0926024;0.245064;-0
-1.36171;-0.808252;3.819;-1.80201;-1.06678;0.428935;-0
-1.39433;-0.805536;3.6752;-1.76156;0.0928347;0.0892433;-0
-1.4129;-0.79717;3.54586;-1.62513;0.855189;0.172646;-0
-1.45968;-0.777696;3.47912;-1.54181;-0.499032;0.107487;-0
-1.47251;-0.776138;3.36871;-1.44698;0.0805096;0.0500182;-0
-1.51142;-0.755424;3.28546;-1.33518;0.0748018;0.0334703;-0
-1.539;-0.725136;3.20031;-1.27941;0.0721148;0.0238372;-0
-1.54456;-0.724017;3.11377;-1.15244;0.0742979;-0.0184247;-0
-1.57221;-0.665992;3.02339;-1.10921;0.745212;0.0895497;-0
-1.58278;-0.678996;2.98013;-0.990788;-0.444899;0.0547802;-0
-1.58089;-0.65966;2.87491;-0.937754;0.63606;0.0232571;-0
-1.60163;-0.637474;2.81126;-0.893612;0.378197;-0.0331803;-0
-1.60586;-0.617572;2.74951;-0.838463;0.074704;-0.0551462;-0
-1.61535;-0.574035;2.69827;-0.75846;0.0899194;0.0967054;-0
-1.62754;-0.553699;2.64039;-0.694736;0.0898552;0.171234;-0
-1.63145;-0.530805;2.56963;-0.672479;0.0829387;-0.0947997;-0
-1.63313;-0.493754;2.5094;-0.641648;0.0571865;-0.0659753;-0
-1.63293;-0.479455;2.45643;-0.574183;0.0867218;0.108604;-0
-1.63356;-0.442259;2.42047;-0.542056;-0.540168;0.0622848;-0
-1.62743;-0.430005;2.35441;-0.506611;-0.563003;-0.0340913;-0
-1.6372;-0.39969;2.29179;-0.497576;-0.16396;-0.167264;-0
-1.61756;-0.37828;2.23426;-0.356162;1.16096;0.603022;-0
-1.63078;-0.349796;2.19241;-0.431916;0.314417;-0.157379;-0
-1.63404;-0.309933;2.15425;-0.444423;-0.0840573;-0.266566;-0
-1.61096;-0.303683;2.09184;-0.398334;0.419943;-0.182905;-0
-1.62358;-0.277685;2.06207;-0.368037;-0.183659;-0.240021;-0
-1.59923;-0.269461;2.01245;-0.332915;0.0454794;-0.173177;-0
-1.59408;-0.23782;1.97299;-0.337214;-0.151607;-0.24815;-0
-1.60942;-0.210509;1.94599;-0.311031;-0.0823423;-0.174572;-0
-1.61165;-0.182082;1.89553;-0.307261;0.365495;-0.156649;-0
-1.59117;-0.178035;1.85595;-0.26773;0.429446;-0.12132;-0
-1.58883;-0.152655;1.83145;-0.277593;-0.200406;-0.14229;-0
-1.57568;-0.129453;1.78937;-0.277175;0.0573142;-0.259614;-0
-1.56938;-0.113627;1.75231;-0.263519;-0.0772116;-0.299173;-0
-1.58167;-0.0851313;1.72339;-0.245774;0.231006;-0.199153;-0
-1.56795;-0.0739011;1.69345;-0.239044;0.0786868;-0.219853;-0
-1.55095;-0.0622216;1.65977;-0.217271;0.0763587;-0.239399;-0
11.6142;22.0763;-7.63057;-18.0549;-0.867256;3.94406;0
13.5154;20.631;-6.60506;-15.3029;-0.437186;3.50339;0
9.71605;20.5275;-2.20933;-13.1702;-1.93584;3.74287;0
5.31352;20.8241;1.69899;-11.2862;-4.93853;2.11016;0
2.16093;20.9371;3.96581;-9.59914;-4.64645;1.68515;0
-0.177891;21.1319;5.02838;-7.59122;-2.72459;2.09295;0
0.56829;20.3914;4.03451;-5.72672;0.309882;1.82787;0
-0.745885;20.1534;3.74525;-4.27554;-0.0425644;1.0272;0
-1.687;19.2558;2.79677;-2.47206;-2.5651;1.46755;0
-2.30391;18.1371;1.19213;-1.25184;-3.63062;1.49853;0
-2.67304;16.7371;-0.733338;-0.263692;-3.92302;1.49387;0
-2.73767;15.102;-2.64066;0.570449;-4.38148;1.56716;0
-2.72807;13.607;-4.55701;1.01579;-1.43217;-0.26977;0
-2.53959;12.091;-5.41031;1.7661;-4.40159;0.930674;0
-2.38275;10.781;-6.16992;2.41394;-2.84886;1.16111;0
-2.13899;9.50475;-6.49657;3.06011;-2.39389;1.07882;0
-1.97413;8.59527;-6.52116;3.52466;-1.27831;0.997753;0
-1.74997;7.50558;-6.22983;4.04801;-2.14052;0.32885;0
-1.59091;6.57139;-5.86338;4.39358;-1.66526;-0.589657;0
-1.41607;5.78264;-5.29523;4.77105;-1.11014;-0.790734;0
-1.23389;4.94354;-4.59666;5.24386;-0.71245;-0.385958;0
-1.10225;4.30171;-3.90753;5.42228;-0.662732;-0.321228;0
-0.965477;3.68395;-3.26219;5.56636;-0.471725;-0.388277;0
-0.845352;3.1592;-2.67054;5.64744;-0.257781;-0.532542;0
-0.736719;2.68812;-2.14068;5.64907;-0.153261;-0.594741;0
-0.602154;2.16563;-1.64489;5.64787;-0.17337;-0.712343;0
-0.53807;1.82539;-1.26082;5.52893;-0.153729;-0.811065;0
-0.474327;1.53052;-0.923344;5.42289;-0.0893325;-0.975091;0
-0.394331;1.21145;-0.624906;5.28906;-0.0748994;-1.09172;0
-0.328352;0.941125;-0.3661;5.16363;-0.0966663;-1.26491;0
-0.292903;0.75949;-0.175347;4.95704;-0.03738;-1.36077;0
-0.244482;0.575596;-0.0009992;4.75409;-0.0699309;-1.41334;0
-0.197481;0.391696;0.129715;4.58081;-0.0880774;-1.58915;0
-0.151636;0.238278;0.251423;4.43996;-0.0480813;-1.65236;0
-0.102463;0.0866708;0.369601;4.26852;-0.0645419;-1.74682;0
-0.0786385;-0.023924;0.453277;4.10585;-0.157489;-1.7472;0
-0.105931;-0.0436779;0.43787;3.87483;-0.107127;-1.86999;0
-0.0232493;-0.188634;0.561088;3.75397;-0.0763387;-1.78055;0
-0.0611762;-0.198377;0.539934;3.55086;-0.0682009;-1.89272;0
-0.0248297;-0.304154;0.588843;3.46633;-0.0725869;-1.93249;0
0.000765085;-0.341866;0.629675;3.31096;-0.0232413;-1.83873;0
0.0111613;-0.372376;0.645823;3.19313;0.0250723;-1.81446;0
0.0195924;-0.438175;0.652623;3.05605;0.0338963;-1.85522;0
0.0121336;-0.442144;0.636647;2.91893;0.0300555;-1.8397;0
0.0316723;-0.460945;0.657894;2.7737;-0.0410438;-1.81216;0
0.0570979;-0.51707;0.680405;2.6907;-0.0410165;-1.77336;0
0.0721348;-0.512349;0.695341;2.5812;-0.0371253;-1.72117;0
0.0680442;-0.520753;0.675657;2.4716;-0.10124;-1.66798;0
0.0778901;-0.531544;0.682041;2.37639;-0.0527328;-1.63843;0
0.0650864;-0.564809;0.657867;2.3103;-0.0207213;-1.63569;0
0.0700225;-0.541287;0.643885;2.18724;0.052427;-1.59683;0
0.062149;-0.536675;0.626528;2.09469;-0.09364;-1.48703;0
0.0969885;-0.531958;0.651457;1.97679;-0.00905204;-1.53701;0
0.093796;-0.537946;0.643517;1.92386;-0.00822393;-1.4132;0
0.0965198;-0.524712;0.633447;1.81908;-0.00507302;-1.35335;0
0.0786618;-0.523362;0.602836;1.77909;-0.00513192;-1.29619;0
0.0839905;-0.519496;0.59459;1.70415;0.0576802;-1.25465;0
0.103875;-0.515256;0.607889;1.62342;0.000896056;-1.23565;0
0.0949773;-0.515495;0.577713;1.57749;0;-1.23375;0
0.0994049;-0.498162;0.574408;1.4976;0;-1.15389;0
0.0973182;-0.482632;0.562258;1.42792;0;-1.11157;0
0.096137;-0.497228;0.549732;1.39811;0.00196893;-1.0492;0
0.0974491;-0.475991;0.540144;1.35079;0.0636095;-0.94302;0
0.103848;-0.461813;0.534224;1.26799;0.00392366;-0.977968;0
0.0922042;-0.448879;0.515197;1.24972;0.00901537;-0.877692;0
0.0819721;-0.422952;0.476328;1.13898;0.0439964;-0.939112;0
0.10192;-0.426785;0.498331;1.10771;-0.0406734;-0.856992;0
0.0942992;-0.412871;0.471992;1.05837;0.00553555;-0.812472;0
0.0848417;-0.398869;0.447738;1.01036;0.00549148;-0.853656;0
0.0953054;-0.394559;0.456307;0.98538;0.00760564;-0.776444;0
0.0917764;-0.38767;0.449174;0.961139;0.0105794;-0.69304;0
0.0986447;-0.380044;0.440893;0.9194;-0.0186886;-0.674316;0
0.0923767;-0.355173;0.426009;0.860948;0.0489473;-0.690374;0
0.106366;-0.34801;0.435984;0.827444;0.00344173;-0.612533;0
2.84315;5.64034;-10.1991;-9.32199;0.573242;7.73639;0
2.75309;4.48911;-9.47903;-8.08281;0.803493;6.00831;0
2.58391;3.6792;-8.83691;-6.94959;0;5.29938;0
2.36233;2.79102;-8.4269;-5.86495;0.0368632;3.83979;0
2.29404;2.15417;-7.67276;-5.03156;-0.128322;3.47981;0
2.17911;1.6239;-6.87009;-4.35779;-0.0844507;2.72127;0
1.86954;1.30048;-6.05628;-3.98707;0.0276699;2.22902;0
1.53964;1.15416;-5.17571;-3.9113;0.00864726;2.08024;0
1.19205;1.15886;-4.43679;-4.06594;-0.0170256;1.93758;0
0.900524;1.10637;-3.87368;-4.15455;-0.0444905;2.01636;0
0.725619;1.13107;-3.38056;-4.39634;0.0244255;2.05748;0
0.584113;1.12927;-3.12923;-4.56114;0.126746;1.95362;0
0.521355;1.08554;-2.96912;-4.6448;0.0700774;1.95047;0
0.462907;1.03173;-2.89839;-4.70525;0.0777778;1.89108;0
0.515981;0.934247;-2.86305;-4.60322;0.0280634;1.76848;0
0.29433;0.756408;-3.2645;-4.78014;-0.275006;0.185369;0
0.484581;0.653195;-3.16134;-4.67699;-0.333191;0.104068;0
0.738007;0.545263;-3.0582;-4.48138;-0.28011;-0.0437376;0
1.01058;0.3606;-2.99013;-4.18375;-0.352117;-0.0547757;0
1.29999;0.303742;-2.90289;-3.9321;-0.404977;-0.227765;0
1.56645;0.136188;-2.82354;-3.5816;-0.593115;-0.316245;0
1.8954;-0.00389851;-2.72338;-3.18771;-0.640891;-0.412874;0
2.22696;-0.104482;-2.61023;-2.81325;-0.699062;-0.523426;0
2.50234;-0.232104;-2.48743;-2.38584;-0.69444;-0.604691;0
2.79442;-0.309322;-2.36187;-1.95187;-0.823368;-0.611351;0
3.07349;-0.362829;-2.16931;-1.48434;-0.806061;-0.469107;0
3.26298;-0.450569;-2.0688;-1.07865;-0.938379;-0.67426;0
3.44256;-0.493757;-1.92266;-0.667533;-0.963946;-0.720766;0
3.62166;-0.492035;-1.74346;-0.255045;-0.876903;-0.536546;0
3.74265;-0.518303;-1.6082;0.0993911;-0.473627;-0.669906;0
3.79949;-0.518168;-1.47367;0.390262;-0.439523;-0.762886;0
3.82472;-0.542591;-1.34367;0.716311;-0.252802;-0.939119;0
3.84366;-0.549912;-1.17792;1.05696;-0.387875;-0.476339;0
3.8265;-0.536069;-1.04916;1.26454;-0.267145;-0.831313;0
3.79172;-0.51687;-0.92251;1.44887;-0.225879;-1.04458;0
3.76811;-0.538569;-0.744519;1.74537;-0.361348;-0.610287;0
3.70679;-0.522035;-0.605804;1.91517;0.113731;-0.70639;0
3.63323;-0.527897;-0.473466;2.09358;-0.162804;-0.585641;0
3.53939;-0.516812;-0.377949;2.17675;-0.119365;-0.709158;0
3.43558;-0.513419;-0.27296;2.29015;-0.14441;-0.688718;0
3.33194;-0.506877;-0.188366;2.36117;0.0327605;-0.796657;0
3.24308;-0.533988;-0.0742096;2.44945;0.0490556;-0.803001;0
3.12788;-0.52889;0.03147;2.53449;-0.0991195;-0.642912;0
3.04124;-0.523415;0.114666;2.57304;0.0694374;-0.570963;0
2.93959;-0.528014;0.201116;2.60172;0.0918387;-0.582181;0
2.81728;-0.510492;0.257689;2.60903;0.0903514;-0.655685;0
2.71433;-0.528469;0.311602;2.62773;-0.226703;-0.591757;0
2.63083;-0.533502;0.389465;2.63645;-0.00577574;-0.511686;0
2.53917;-0.534393;0.42459;2.59192;0.112483;-0.690785;0
2.43016;-0.50271;0.484209;2.59216;-0.186382;-0.518908;0
2.3494;-0.520692;0.524219;2.58745;-0.107031;-0.519543;0
2.28076;-0.515585;0.586258;2.54694;0.0464324;-0.494666;0
2.17255;-0.521302;0.583871;2.52284;-0.098258;-0.521689;0
2.07974;-0.515849;0.612794;2.44609;0.0380263;-0.511974;0
1.98229;-0.55033;0.611005;2.43531;0.0331896;-0.456192;0
1.93429;-0.534043;0.667223;2.40334;-0.0187708;-0.4383;0
0.440988;-1.12525;-1.08645;2.29286;-0.0334504;-0.861632;0
0.451216;-1.11148;-1.00534;2.27022;-0.266331;-0.814293;0
0.441499;-1.06996;-0.94883;2.22833;0.00939663;-0.790831;0
0.389203;-1.06435;-0.950534;2.15409;-0.066039;-0.863013;0
0.394326;-1.01184;-0.889224;2.04954;-0.0462842;-1.07466;0
0.374313;-1.00622;-0.842105;2.03931;-0.374746;-0.891938;0
0.359537;-0.98198;-0.805513;1.99982;-0.225092;-0.790844;0
0.337647;-0.960688;-0.775829;1.95122;0.16287;-0.744932;0
0.323846;-0.938831;-0.739885;1.90094;-0.0235338;-0.73882;0
0.327098;-0.919995;-0.696309;1.86171;-0.00479978;-0.723686;0
0.288885;-0.908978;-0.696474;1.83195;-0.223366;-0.657669;0
0.299192;-0.89048;-0.641953;1.81246;-0.0261337;-0.530056;0
0.300047;-0.854665;-0.602976;1.74512;-0.181643;-0.659647;0
0.266794;-0.849171;-0.599401;1.71431;-0.0294924;-0.494201;0
0.242543;-0.83768;-0.594234;1.66164;0;-0.533654;0
0.254285;-0.809203;-0.55025;1.59779;0;-0.614983;0
0.240425;-0.789353;-0.53159;1.58209;0;-0.455173;0
0.203558;-0.774294;-0.545651;1.53177;0.022916;-0.480173;0
0.208555;-0.753271;-0.509108;1.48286;0.0207064;-0.530597;0
0.213935;-0.709078;-0.472607;1.41897;-0.289827;-0.545141;0
0.216123;-0.702861;-0.447206;1.40453;0.019205;-0.487492;0
0.215069;-0.676191;-0.421023;1.3572;0;-0.484494;0
0.182341;-0.676903;-0.435059;1.33046;0.0210586;-0.412542;0
0.194612;-0.644355;-0.387922;1.29867;0.0272483;-0.339146;0
0.180297;-0.623747;-0.399157;1.23232;0.0152696;-0.535274;0
0.170295;-0.612415;-0.3803;1.2118;0.0565658;-0.406911;0
0.1646;-0.585542;-0.363927;1.1824;0.173361;-0.350873;0
0.150076;-0.579821;-0.35875;1.13525;0.0642141;-0.335649;0
0.150093;-0.57252;-0.354397;1.09583;0.0294803;-0.47256;0
0.14009;-0.551853;-0.341881;1.08527;0.202869;-0.329045;0
0.144308;-0.534784;-0.319623;1.05296;-0.108944;-0.337018;0
0.128264;-0.520341;-0.313562;1.02333;-0.230388;-0.219159;0
0.112493;-0.50056;-0.317169;0.973005;0.19097;-0.274603;0
0.122078;-0.484042;-0.284242;0.970099;0.326973;-0.128063;0
0.107969;-0.481049;-0.292323;0.939853;0.0509603;-0.205935;0
0.0982145;-0.463628;-0.281819;0.925432;0.228838;-0.0736218;0
0.107537;-0.459215;-0.269724;0.881139;-0.0816548;-0.216498;0
0.109714;-0.42995;-0.241298;0.86205;0.0852176;-0.093642;0
0.098421;-0.426182;-0.245118;0.83841;-0.158163;-0.0861732;0
0.0917364;-0.408463;-0.250947;0.7737;0.0373021;-0.303334;0
0.0903996;-0.40448;-0.241945;0.778783;-0.0893927;-0.20773;0
0.0920053;-0.380955;-0.205154;0.760354;0.287814;-0.0267271;0
0.0794773;-0.378101;-0.229132;0.712576;0.156501;-0.235021;0
0.0684353;-0.37421;-0.235466;0.702104;0.066078;-0.188702;0
0.0740761;-0.356753;-0.21299;0.686222;0.167257;-0.156602;0
0.0720467;-0.346577;-0.200938;0.675217;0.119729;-0.100337;0
0.0744437;-0.334925;-0.19069;0.641732;0.102842;-0.139868;0
0.0661646;-0.329391;-0.191736;0.635287;-0.190279;-0.0577245;0
0.0618287;-0.316007;-0.187783;0.607206;0.100266;-0.112818;0
0.0609888;-0.308867;-0.191139;0.573235;0.0635523;-0.225276;0
0.0485485;-0.307087;-0.196946;0.561078;0.0456735;-0.135205;0
0.0614348;-0.283152;-0.158594;0.545775;0.211772;-0.0906253;0
0.0441703;-0.288616;-0.172651;0.542797;0.144048;-0.0225816;0
0.0447331;-0.27369;-0.161234;0.523885;0.1495;0.010447;0
0.0410372;-0.271941;-0.166869;0.517412;0.0340727;-0.00955977;0
0.0460884;-0.254228;-0.138762;0.511661;0.0381995;0.110282;0
0.0408179;-0.251692;-0.146318;0.484042;-0.0623699;0.0543107;0
0.0353342;-0.25035;-0.151768;0.473905;0.0556417;0.0122694;0
0.0366602;-0.240059;-0.134943;0.466649;0.0580678;0.0787499;0
0.0376189;-0.224673;-0.120876;0.461882;0.0340144;0.178402;0
0.0343069;-0.228195;-0.140391;0.424295;0.0351833;-0.0203667;0
0.0322022;-0.215192;-0.135529;0.399089;-0.15273;-0.0583094;0
0.0273065;-0.216254;-0.131042;0.414246;0.0488098;0.0622792;0
0.0232949;-0.208775;-0.138648;0.377561;0.117438;-0.0639922;0
0.0306839;-0.204426;-0.127311;0.372767;-0.0888089;-0.087742;0
0.0189399;-0.195882;-0.12342;0.369096;0.0434094;0.0763933;0
0.0208966;-0.189564;-0.11497;0.361904;0.0920735;0.102291;0
0.016009;-0.188871;-0.12577;0.339026;0.0431808;-0.011658;0
0.0158276;-0.183122;-0.122943;0.331127;0.0419319;-0.00932265;0
0.0126893;-0.180483;-0.124236;0.313132;0.0652307;-0.0308619;0
0.00820017;-0.1715;-0.123182;0.305704;0.0992269;-0.00314249;0
0.012156;-0.164453;-0.106687;0.306471;-0.048863;0.0785229;0
0.00815885;-0.165192;-0.117865;0.286778;0.105734;-0.016587;0
0.014958;-0.158628;-0.105449;0.286786;-0.0656935;0.00420793;0
0.00604424;-0.159464;-0.120626;0.262375;-0.00359089;-0.0831956;0
0.00769973;-0.150129;-0.106488;0.262591;0.0385425;-0.013255;0
0.00606706;-0.147548;-0.0993171;0.265693;0.0145134;0.0744342;0
0.00359439;-0.142645;-0.103407;0.253255;0.0179898;0.0313687;0
0.00846286;-0.136994;-0.0976414;0.237232;-0.0566709;-0.0380525;0
0.00037788;-0.136936;-0.110939;0.216412;0.0317546;-0.0976333;0
0.00613734;-0.129973;-0.0884602;0.230931;0.036265;0.0350635;0
-0.00236308;-0.132265;-0.104325;0.215627;0.0330776;-0.0245906;0
0.0022226;-0.124757;-0.0921542;0.214646;-0.0452936;0.0130144;0
-0.00467048;-0.12353;-0.0992733;0.206711;-0.0376794;0.0147187;0
-0.00678674;-0.120375;-0.0983408;0.196171;0.0791949;0.0111149;0
-0.00544184;-0.116039;-0.0931814;0.19645;-0.0749979;0.0413737;0
-0.00415294;-0.111957;-0.0863104;0.192797;0.0279734;0.0632473;0
-0.00413981;-0.110691;-0.0864411;0.183765;0.0247931;0.0290407;0
-0.0115372;-0.110423;-0.0963407;0.174672;0.0169052;0.023827;0
-0.00746124;-0.102257;-0.0793661;0.18036;0.019366;0.110877;0
-0.00900382;-0.104009;-0.0878392;0.165817;-0.0350465;0.0203851;0
-0.0122958;-0.0991846;-0.0874138;0.162483;-0.0257737;0.0544425;0
-0.0100446;-0.0987968;-0.0914278;0.147136;-0.037193;-0.0499787;0
-0.00892387;-0.094115;-0.0849654;0.140406;0.0812616;-0.0391576;0
-0.0113335;-0.0919445;-0.0813035;0.147496;0.0323356;0.0341895;0
-0.0134427;-0.0901703;-0.0815673;0.142468;-0.0620817;0.0492696;0
-0.0154545;-0.0892141;-0.0813881;0.141139;-0.0177749;0.0608784;0
-0.0127973;-0.0851883;-0.0772445;0.132642;0.090938;0.0338892;0
-0.016216;-0.0857357;-0.080159;0.133631;0.0156728;0.0554539;0
-0.0189144;-0.0820588;-0.0794517;0.131264;-0.021601;0.0954656;0
-0.0181243;-0.0833408;-0.0872022;0.114865;0.0309813;-0.0220817;0
-0.0172108;-0.0793378;-0.0777152;0.117999;0.0598415;0.0392856;0
-0.0146158;-0.0769551;-0.0722943;0.119216;0.0177701;0.0536297;0
-0.0136323;-0.0763696;-0.0769188;0.104808;-0.0274114;-0.0391308;0
-0.0133949;-0.0735022;-0.0714533;0.107129;0.0529889;0.00846439;0
-0.0197782;-0.0728845;-0.0762494;0.104117;0.0164767;0.0397436;0
-0.0248025;-0.0729871;-0.0850726;0.0958557;0.0136685;0.0122526;0
-0.0198811;-0.0704457;-0.0735167;0.101174;0.0092876;0.0490623;0
-0.0186078;-0.0686887;-0.0765338;0.0895877;-0.0291102;-0.020078;0
-0.0182886;-0.0676293;-0.075996;0.0855014;0.0200765;-0.035255;0
-0.0195604;-0.0660007;-0.0731019;0.0898949;-0.0308536;0.0192571;0
-0.022167;-0.0652649;-0.0765357;0.0824966;0.0517285;-0.003268;0
-0.0160463;-0.0602115;-0.0623923;0.0876727;0.0510002;0.0396377;0
-0.0217656;-0.0621038;-0.0725044;0.0810956;0.018773;0.0180337;0
-0.0219097;-0.0595016;-0.0677687;0.0829986;-0.0164726;0.0566421;0
-0.0210319;-0.0593868;-0.0698317;0.0768033;-0.0272996;0.0154482;0
-0.0195353;-0.0579728;-0.067524;0.0710024;0.0282043;-0.00836175;0
-0.0242025;-0.0568662;-0.0714661;0.0696745;-0.0564281;0.0195664;0
-0.0240801;-0.0559002;-0.0699406;0.0693484;-0.0204519;0.0280699;0
-0.0250058;-0.0556185;-0.0750835;0.0584804;-0.00216874;-0.0309451;0
-0.0252123;-0.0533178;-0.0684588;0.0660761;-0.0535148;0.0415216;0
-0.0219727;-0.0524689;-0.0656462;0.064577;0.0226861;0.0176292;0
-0.0227469;-0.0513847;-0.0653194;0.0627923;0.0153757;0.0256476;0
-0.0269478;-0.0508619;-0.0668533;0.0625441;0.0385939;0.0622078;0
-0.0297738;-0.0520979;-0.0742787;0.0555313;0.0153489;0.0229238;0
-0.0253584;-0.0476271;-0.0641271;0.057956;-0.047186;0.0505116;0
-0.0275116;-0.04941;-0.0711323;0.0495002;0.0462056;-0.00234174;0
-0.0284918;-0.0486758;-0.0737619;0.0446819;-0.0426278;-0.0198417;0
-0.0276935;-0.0469695;-0.0657992;0.0541592;0.00739521;0.0516956;0
-0.0288014;-0.0465488;-0.0674372;0.0511495;0.0111113;0.0468415;0
-0.02745;-0.0455706;-0.0690619;0.0423052;0.0398454;-0.00794735;0
-0.0277233;-0.0448827;-0.0648109;0.0497827;0.0148877;0.0454053;0
-0.0294653;-0.0449567;-0.0712616;0.0380884;0.0336716;-0.0160562;0
-0.0283313;-0.0439393;-0.0665446;0.0445153;0.0184462;0.026088;0
-0.0293508;-0.0428935;-0.0650938;0.0446538;0.010619;0.0479957;0
-0.028019;-0.0418548;-0.0628767;0.0452859;0.00900427;0.049869;0
-0.0274622;-0.0416368;-0.0635132;0.0421669;0.00425519;0.0312258;0
-0.0280035;-0.0415232;-0.067864;0.033927;-0.013752;-0.0211155;0
-0.0241952;-0.0355057;-0.0491187;0.0453131;-0.0180973;0.0963912;0
-0.0278399;-0.0404143;-0.063575;0.037139;0.0235786;0.0155064;0
-0.02917;-0.0392271;-0.069156;0.0254821;0.00703148;-0.0415873;0
-0.0271887;-0.0384343;-0.0650614;0.0274229;-0.0112887;-0.0308539;0
-0.0286797;-0.0377674;-0.0603479;0.0367735;0.0119324;0.047999;0
-0.0315268;-0.0390142;-0.0671111;0.0317072;0.0123318;0.0202191;0
-0.0297548;-0.0382261;-0.0665768;0.0271034;0.0116923;-0.0119214;0
-0.0293475;-0.0371985;-0.0626214;0.0321388;0.0129586;0.0276683;0
-0.0270796;-0.0329666;-0.0541337;0.0355668;-0.0498052;0.0691399;0
-0.0296854;-0.036561;-0.0637689;0.0289618;-0.0248402;0.0167176;0
-0.0287405;-0.0342498;-0.0585356;0.0307846;-0.0408546;0.0475592;0
-0.0255278;-0.0319268;-0.0506674;0.0344698;-0.0169755;0.0724709;0
-0.0299184;-0.0339344;-0.0596574;0.0289868;0.0348479;0.045793;0
-0.0279221;-0.0340487;-0.0591824;0.0276899;-0.0186415;0.0227663;0
-0.0322383;-0.0345682;-0.0640764;0.0241381;0.0346626;0.0248506;0
-0.0317847;-0.0342957;-0.0654926;0.0199849;0.0311865;-0.00205188;0
-0.0295564;-0.033878;-0.0634078;0.0198945;0.000367225;-0.0145342;0
-0.0289379;-0.0330313;-0.0610806;0.020638;-0.0191586;-0.00178957;0
-0.0293445;-0.0313868;-0.056701;0.0255908;0.0392824;0.0460276;0
-0.0311009;-0.0328363;-0.0624113;0.0217448;-0.0218282;0.0182056;0
-0.0298289;-0.0310992;-0.0607849;0.0176232;0.0548122;-0.000231591;0
-0.030666;-0.031897;-0.0598099;0.0224291;0.0114828;0.0326502;0
-0.0294249;-0.0303664;-0.0561522;0.0242169;0.014534;0.0491617;0
-0.0284833;-0.0300403;-0.0588679;0.0165246;-0.0411373;-0.00303537;0
-0.02946;-0.0308986;-0.0612407;0.0150499;0.00276434;-0.0140394;0
-0.0310761;-0.0300493;-0.0580383;0.0216127;0.00995941;0.0462479;0
-0.032084;-0.0310668;-0.0619706;0.0165507;0.0144974;0.0133517;0
-0.0288621;-0.0295427;-0.0594254;0.0128109;0.00612596;-0.0155867;0
-0.0294548;-0.0290165;-0.0565687;0.0190528;0.0118192;0.0332896;0
-0.0301057;-0.0293582;-0.0597277;0.014698;-0.0217906;0.00262688;0
-0.0309909;-0.0266447;-0.0531904;0.0212676;0.0306574;0.079108;0
-0.0310909;-0.0285365;-0.0591281;0.0146829;-0.0431539;0.0211209;0
-0.0283126;-0.0265694;-0.0528041;0.0162049;0.0576736;0.029571;0
-0.0303807;-0.0276572;-0.0596615;0.00826772;0.0499761;-0.0153311;0
-0.0333306;-0.0292919;-0.0627978;0.0129429;-0.0226757;0.0151995;0
-0.0292016;-0.0266841;-0.0537064;0.0169539;0.039158;0.040576;0
-0.0317156;-0.028105;-0.0586902;0.0156435;-0.0186438;0.0334038;0
-0.0303541;-0.0280806;-0.0580807;0.0130685;0.0210066;0.00886414;0
-0.0310459;-0.0274777;-0.0574178;0.0144582;-0.0243162;0.0301359;0
-0.0320248;-0.0281301;-0.0593862;0.0132202;0.0129875;0.0230456;0
-0.0306409;-0.0273985;-0.0570004;0.0133257;0.00873146;0.022163;0
-0.0317995;-0.0274181;-0.0596786;0.00938143;0.0341016;0.00304987;0
-0.0309172;-0.0269833;-0.0594339;0.00932868;-0.0214854;0.00016739;0
-0.0304165;-0.0251284;-0.0525719;0.0167135;0.00961777;0.0626647;0
-0.030388;-0.0262626;-0.0578136;0.00862813;-0.036057;0.00511334;0
-0.0339617;-0.0274608;-0.0613566;0.0111538;-0.02148;0.0278162;0
-0.030878;-0.0254171;-0.0544339;0.0145538;-0.0196078;0.0507461;0
-0.030415;-0.0260915;-0.0550781;0.0134339;0.00392533;0.0339704;0
-0.0311179;-0.0259838;-0.0606893;0.00288408;-0.0112688;-0.0296669;0
-0.03204;-0.0266697;-0.0601711;0.00748983;0.00860927;0.000893081;0
-0.0312675;-0.0263564;-0.0581589;0.00844417;-0.00153029;0.00630262;0
-0.0313336;-0.0259497;-0.0570696;0.0108977;0.0154216;0.0243217;0
-0.0310404;-0.0255219;-0.0552057;0.0114422;0.00730854;0.0365159;0
-0.0320169;-0.0248686;-0.0550579;0.0117549;-0.0167739;0.0518507;0
-0.0300403;-0.0236191;-0.0521624;0.012288;-0.0381365;0.0504142;0
-0.0274057;-0.0230171;-0.0488572;0.011428;0.0452264;0.0329993;0
-0.0303532;-0.0250461;-0.0559181;0.00905397;0.0172694;0.0154767;0
-0.0318487;-0.0240398;-0.0546759;0.010947;0.0370219;0.0472465;0
-0.0286446;-0.0236074;-0.0505632;0.0118636;-0.0220235;0.0399563;0
-0.0329241;-0.0258056;-0.0600124;0.00645551;0.0137781;0.00940135;0
-0.0314834;-0.0239313;-0.0558215;0.00838722;-0.0483288;0.0275566;0
-0.0337188;-0.0256247;-0.0614899;0.00504765;-0.0225487;0.00716606;0
-0.0302814;-0.0239487;-0.055254;0.0066356;0.0386887;0.0102281;0
-0.0303164;-0.0236593;-0.0530922;0.0105196;-0.0228943;0.0414489;0
-0.0343096;-0.0259004;-0.0616719;0.004212;-0.00791709;0.00596334;0
-0.0332041;-0.0251711;-0.0615934;0.000519764;0.0192198;-0.0166099;0
-0.0297497;-0.0223056;-0.0491529;0.0120706;0.0282825;0.0616626;0
-0.0322924;-0.0243517;-0.0565683;0.00885441;-0.014983;0.0348221;0
-0.0323008;-0.0243178;-0.055646;0.00904283;0.00387647;0.041206;0
-0.0347547;-0.0253977;-0.0601098;0.00730594;0.00401111;0.0329024;0
-0.0290102;-0.0231927;-0.0512624;0.0101027;0.00740905;0.0366793;0
-0.0305786;-0.0238713;-0.0545481;0.0082246;0.0121591;0.0253164;0
-0.0320297;-0.0237545;-0.0554918;0.00659407;0.038761;0.029631;0
-0.031082;-0.0237966;-0.0545685;0.00793264;0.00692449;0.0339017;0
-0.0314607;-0.0239539;-0.0586582;0.00113912;-0.0124736;-0.0152712;0
-0.0313671;-0.0212906;-0.0505399;0.0100603;-0.0369938;0.070979;0
-0.0329801;-0.0247362;-0.0589375;0.00488808;0.00896353;0.0146737;0
-0.0292147;-0.021064;-0.0487507;0.0104524;-0.0423358;0.0569112;0
-0.0267776;-0.0190263;-0.0416227;0.0136349;0.00581026;0.0861387;0
-0.0313495;-0.0235402;-0.0542966;0.00710703;-0.0215895;0.0330567;0
-0.0309663;-0.0237933;-0.0565478;0.00425252;-0.00251933;0.00472453;0
-0.0307343;-0.0224712;-0.0545347;0.00334529;0.0549382;0.0115208;0
-0.0276429;-0.0206547;-0.0461066;0.0114736;-0.0158776;0.06305;0
-0.0339601;-0.0246541;-0.0599515;0.00370377;0.0132705;0.012747;0
-0.0317554;-0.0238776;-0.0568836;0.00474614;-0.0272401;0.0112586;0
-0.0330313;-0.0237598;-0.0600899;0.00117761;-0.0362112;-0.00234137;0
-0.0312531;-0.023301;-0.0549646;0.00669914;-0.0209572;0.0267365;0
-0.0322682;-0.0236059;-0.0555323;0.00703716;0.00337915;0.0365407;0
-0.0317979;-0.0233854;-0.0557004;0.00596206;-0.0215665;0.0239439;0
-0.0313235;-0.0235301;-0.0566966;0.00340358;0.0060893;0.00872303;0
-0.030779;-0.0226902;-0.0532974;0.00563568;0.0300237;0.0292681;0
-0.0328716;-0.0238232;-0.0583696;0.00351601;-0.0217492;0.0136099;0
-0.0317888;-0.0232923;-0.056367;0.00310878;0.0329209;0.0120181;0
-0.0294738;-0.0198397;-0.0464792;0.0109681;-0.0225695;0.0774984;0
-0.029893;-0.0218823;-0.0501711;0.00956173;-0.00173748;0.0539228;0
-0.0301928;-0.0227176;-0.052547;0.0066439;-0.0151852;0.0302455;0
-0.0315793;-0.0228423;-0.0592343;-0.0041766;0.0040286;-0.0332011;0
-0.0331382;-0.0239277;-0.0581602;0.00396422;0.0156119;0.0181689;0
-0.0298952;-0.0223588;-0.0564817;-0.00290796;0.00387282;-0.0285675;0
-0.0308545;-0.0227501;-0.056542;-0.000992451;0.0315578;-0.0163895;0
-0.0309188;-0.0229326;-0.0573315;-0.00147628;-0.0119384;-0.0206639;0
-0.0292897;-0.0216862;-0.0560382;-0.00400198;0.00459859;-0.037313;0
-0.0305816;-0.0211251;-0.0502104;0.0103188;-0.012194;0.0643945;0
-0.0325932;-0.0224354;-0.0540422;0.00717022;-0.0105047;0.0535937;0
-0.0318094;-0.0233052;-0.0585327;-0.00114561;-0.00570428;-0.0144306;0
-0.0319356;-0.0232795;-0.0565212;0.00367208;-0.0166348;0.0144387;0
-0.0296163;-0.021728;-0.051138;0.00653175;0.0362588;0.0331132;0
-0.0297684;-0.021577;-0.0536086;-0.000118746;0.0485875;-0.00407905;0
-0.0302469;-0.0228251;-0.0547189;0.00229742;0.012889;0.00386898;0
-0.0272357;-0.0196587;-0.0437453;0.0109109;0;0.068314;0
-0.0268815;-0.0189999;-0.0439333;0.00919282;-0.0460995;0.0597552;0
-0.0301567;-0.0216052;-0.0546824;-0.0017399;0.0469877;-0.011885;0
-0.0323808;-0.0234322;-0.0566227;0.00336561;0.00877142;0.0167361;0
-0.0302616;-0.0221165;-0.0519537;0.00650691;-0.0205792;0.0350733;0
-0.0308013;-0.0227598;-0.0537714;0.00477736;0.00436739;0.0237081;0
-0.0298424;-0.0218027;-0.0517939;0.00582112;-0.0208417;0.0344109;0
-0.0299078;-0.0212744;-0.0505899;0.00565534;0.0399819;0.0365266;0
-0.027359;-0.0201193;-0.0459438;0.00915012;-0.0203063;0.0526527;0
-0.0284746;-0.0202382;-0.0545948;-0.00844107;-0.0151133;-0.0568684;0
-0.0296941;-0.0209238;-0.050154;0.00644156;-0.0375078;0.0477075;0
-0.0296577;-0.0221546;-0.0519027;0.00542864;-0.0216602;0.0250199;0
-0.0282754;-0.0203696;-0.0478437;0.00632847;-0.0448205;0.0403347;0
-0.0272409;-0.0202231;-0.047235;0.00575195;-0.0429331;0.0334388;0
-0.0303489;-0.0214877;-0.0512215;0.00618895;0.0354789;0.0373711;0
-0.0285162;-0.0205171;-0.0480119;0.00721305;0.0344562;0.0452818;0
-0.0300859;-0.0215695;-0.0504388;0.00696849;-0.0199396;0.04533;0
-0.0287727;-0.0216968;-0.051091;0.00455102;-0.0195245;0.0196012;0
-0.029531;-0.0220219;-0.0546762;-0.0011429;-0.0135682;-0.0141341;0
-0.0287044;-0.0205084;-0.0462641;0.00922155;0.00643381;0.060942;0
-0.0305594;-0.0218945;-0.0520414;0.00317113;0.037169;0.0259811;0
-0.0296306;-0.0203417;-0.0480878;0.00794625;0.0272796;0.0599866;0
-0.0279969;-0.0202045;-0.0466701;0.00809909;-0.0230354;0.0536782;0
-0.0281218;-0.0214405;-0.0497289;0.00506039;0.00452034;0.0211778;0
-0.0303779;-0.0223938;-0.0537368;0.00318509;0.00880221;0.0140935;0
-0.0285965;-0.0215617;-0.0525446;0.00079635;0.0212612;-0.00331792;0
-0.0276352;-0.0195947;-0.0449282;0.00951341;0.0130443;0.0635132;0
-0.0284919;-0.020614;-0.0480156;0.00733357;-0.0202147;0.0461718;0
-0.0299925;-0.0217673;-0.053697;0.000441027;0.0334558;0.00201222;0
-0.0277012;-0.0203969;-0.0465604;0.00826324;-0.00303154;0.0488734;0
-0.0286614;-0.0201632;-0.0482053;0.00570062;-0.0447503;0.0408754;0
-0.0307392;-0.0222336;-0.0555998;-0.000982992;0.0277772;-0.00814573;0
-0.0274165;-0.0194995;-0.0450701;0.00752081;0.0295208;0.0571094;0
-0.0306937;-0.0222042;-0.0547352;0.000994106;-0.0268042;0.00395214;0
-0.0266417;-0.0191302;-0.0429904;0.00940935;0.00656559;0.0656939;0
-0.0304627;-0.0210169;-0.0564269;-0.00777193;0.0264683;-0.0463131;0
-0.0313055;-0.0226513;-0.0542874;0.00361838;0.0038921;0.023812;0
-0.02811;-0.0216076;-0.0510017;0.00275408;-0.00191302;0.00667429;0
-0.0281186;-0.0211065;-0.0491514;0.00532424;-0.0224816;0.027612;0
-0.0284587;-0.0211462;-0.0495236;0.00476361;-0.0191711;0.0314619;0
-0.0298046;-0.021275;-0.0511009;0.0053435;-0.0196539;0.0382218;0
-0.0302846;-0.02226;-0.0551473;-0.000492752;0.00138438;-0.007505;0
-0.0264863;-0.0198407;-0.0445315;0.00830881;0.0072417;0.04801;0
-0.0302209;-0.0216543;-0.0507081;0.00650061;0.00362046;0.042064;0
-0.0287679;-0.0215352;-0.0532286;-0.00165395;-0.0135054;-0.0174514;0
-0.0293726;-0.0218536;-0.051253;0.00424882;0.00829329;0.0244762;0
-0.029848;-0.0218867;-0.0527814;0.00252441;-0.0226815;0.0158145;0
-0.0289363;-0.0209441;-0.0487964;0.00711909;0.00348752;0.0449332;0
-0.0272413;-0.0200952;-0.0467968;0.00701123;-0.0281624;0.0416721;0
-0.0313076;-0.0225381;-0.0554978;0.00208369;0;0.0136808;0
-0.0258606;-0.0181607;-0.0425815;0.00563534;0.0568689;0.0445269;0
-0.0273729;-0.018707;-0.0430863;0.0101113;-0.0188634;0.0737611;0
-0.0281815;-0.0211683;-0.050606;0.00210905;-0.0282692;0.00792632;0
-0.0275231;-0.02085;-0.0489408;0.00433255;-0.0231296;0.0206418;0
-0.0300323;-0.0220197;-0.0530209;0.00250653;-0.0228152;0.0147212;0
-0.0277594;-0.0202627;-0.0528676;-0.00656109;0.00490691;-0.0437965;0
-0.0278857;-0.0201219;-0.046716;0.00683137;0.0313949;0.0457556;0
-0.0283505;-0.0199268;-0.048285;0.00448699;-0.0474481;0.0372988;0
-0.0264185;-0.0203986;-0.046515;0.00526634;0.00866359;0.02672;0
-0.0291528;-0.0210225;-0.0485715;0.00671886;0.00699983;0.047023;0
-0.0305986;-0.0220858;-0.0528267;0.00317884;-0.0186035;0.0240289;0
-0.0308805;-0.0223428;-0.0561418;-0.00152832;-0.015847;-0.00940187;0
-0.0294938;-0.0217174;-0.0522599;0.00258362;-0.025672;0.0152028;0
-0.0276674;-0.0203163;-0.0490048;0.00249792;-0.0433146;0.017937;0
-0.0285047;-0.0212558;-0.049194;0.00503892;0.00750603;0.0328688;0
-0.0279868;-0.0205559;-0.0510154;-0.000271084;-0.0429235;-0.00548322;0
-0.0264148;-0.0195489;-0.0438409;0.00848273;0.00710811;0.0535598;0
-0.029352;-0.0217305;-0.0507543;0.00387824;0.0126108;0.0245542;0
-0.0268805;-0.0184394;-0.0413444;0.0100505;0.00624635;0.078478;0
-0.0274599;-0.0210728;-0.0511714;-0.00196814;0.00401968;-0.0170008;0
-0.0298832;-0.0221038;-0.0545324;-0.000911425;0.000729036;-0.00674366;0
-0.0297023;-0.0221038;-0.052841;0.0019103;0.00631536;0.0120405;0
-0.0261253;-0.0189327;-0.0434092;0.00686859;0.0367068;0.0506703;0
-0.0250878;-0.0178465;-0.0392453;0.0102049;0;0.0750204;0
-0.0288026;-0.0215909;-0.0512253;0.00282589;0.00539047;0.0146506;0
-0.0281037;-0.0209512;-0.0506256;0.000961415;-0.0332993;0.00305178;0
-0.0287357;-0.0217603;-0.0512312;0.00219111;0;0.00922509;0
-0.0250791;-0.0195072;-0.0437175;0.00584978;-0.0222697;0.0315741;0
-0.0277501;-0.0210405;-0.0513146;-0.00103891;-0.0163308;-0.011681;0
-0.0274167;-0.0207869;-0.0482382;0.0045254;0.00414356;0.025418;0
-0.026615;-0.0205905;-0.0468724;0.00436426;0.00927591;0.0221104;0
-0.0301418;-0.0217475;-0.0525861;0.0022499;-0.0225838;0.0204991;0
-0.0284381;-0.0207672;-0.0498758;0.00182613;0.0369767;0.0157228;0
-0.0292496;-0.0218425;-0.0530544;-0.000906942;0.0011709;-0.0071412;0
-0.0273424;-0.0199236;-0.0457168;0.00682589;-0.020819;0.0482984;0
-0.0280899;-0.0205861;-0.0473943;0.00642727;0.00481387;0.0451066;0
-0.0286173;-0.021465;-0.0506254;0.002531;0;0.0173127;0
-0.0278994;-0.0211795;-0.0513676;-0.000870471;0;-0.00965473;0
-0.0304727;-0.0221785;-0.0552259;-0.00125784;0.00100671;-0.00592485;0
-0.0276928;-0.020635;-0.0522556;-0.00418523;-0.014381;-0.0282713;0
-0.0286176;-0.0212098;-0.0489051;0.00524043;0.00785451;0.0330569;0
-0.0282541;-0.0213629;-0.0512805;0.000136082;0.00782032;-0.00308857;0
-0.0271299;-0.0204502;-0.0472118;0.00479716;-0.0220094;0.0310284;0
-0.0280506;-0.0213563;-0.050814;0.000613755;0.0110399;0.00167173;0
-0.0264643;-0.0199343;-0.0459869;0.00448757;0.0318009;0.0290178;0
-0.0256958;-0.0185562;-0.0430717;0.00590799;-0.0429893;0.0474614;0
-0.026671;-0.0183751;-0.0422219;0.0077191;0.0295482;0.066863;0
-0.0277415;-0.0208735;-0.0511476;-0.00141517;-0.0230259;-0.0128944;0
-0.0268966;-0.0202409;-0.0476356;0.00244789;0.03484;0.0158621;0
-0.0267726;-0.020457;-0.0507624;-0.00321937;0.00470297;-0.0249518;0
-0.0280978;-0.0211131;-0.0504337;0.00158708;-0.023262;0.00823013;0
-0.027664;-0.0205274;-0.0480062;0.00342028;0.0313787;0.0247051;0
-0.0265407;-0.020754;-0.0482187;0.00228122;0;0.0067805;0
-0.0279397;-0.0201444;-0.0458893;0.00745474;0.00355742;0.0549102;0
-0.0251943;-0.0189744;-0.04868;-0.00647763;-0.0223009;-0.0425315;0
-0.0260567;-0.0203301;-0.0470145;0.00302631;0.0107627;0.011571;0
-0.026452;-0.019128;-0.0426227;0.00906032;0.00116037;0.0624127;0
-0.0272932;-0.0208482;-0.0505492;-0.000904938;0.00566542;-0.00800671;0
-0.027279;-0.0205494;-0.0484099;0.00293869;-0.0290367;0.0181381;0
-0.0272649;-0.0209462;-0.0489119;0.00194864;0.0110816;0.00922194;0
-0.0270966;-0.0206186;-0.0495182;0.000296827;0.0245653;0.000541154;0
-0.0261371;-0.0199511;-0.0448005;0.0065395;0.00812986;0.0379314;0
-0.0271351;-0.0203979;-0.0480335;0.000713862;0.038976;0.00665836;0
-0.0263464;-0.0194303;-0.0475621;-0.00178037;0.0526992;-0.0041689;0
-0.0267216;-0.0207117;-0.0483264;0.000560643;0;0.00260838;0
-0.0251778;-0.0198195;-0.047148;0.000750223;-0.0202701;-0.00512832;0
-0.0269435;-0.0197176;-0.0452905;0.00551632;0.0325201;0.0431778;0
-0.0285363;-0.0207267;-0.0490979;0.00297878;0.030805;0.0278882;0
-0.0279542;-0.021356;-0.0510678;-0.000927503;0;-0.00751081;0
-0.0283355;-0.0201267;-0.0462261;0.0065339;0.00671309;0.0570697;0
-0.0270815;-0.0205665;-0.0466833;0.00499048;0.00433956;0.0325479;0
-0.0266534;-0.0197536;-0.0445176;0.00697657;0.00370585;0.0498566;0
-0.0259035;-0.0190781;-0.0424405;0.00810568;0.00727956;0.0575345;0
-0.0270103;-0.020809;-0.0484025;0.00193818;0.0102687;0.0110924;0
-0.0263213;-0.0196403;-0.0448494;0.00504223;0.0391251;0.0333632;0
-0.0268662;-0.0206672;-0.0483212;0.00195154;0;0.01165;0
0.0635554;0.0467144;0.114936;0.00150139;-0.00256071;-0.00235814;0
-0.0266097;-0.0191432;-0.0457238;0.00185807;0.0574892;0.0237607;0
-0.0252239;-0.0193891;-0.043482;0.00550239;-0.022537;0.0356782;0
0.0637689;0.0470099;0.113949;0.000846909;-0.00253573;-0.00696727;0
-0.0248477;-0.0185704;-0.0452328;-0.000642256;-0.0555129;-0.00194851;0
-0.0255826;-0.018963;-0.0494035;-0.00851114;-0.0140425;-0.0505005;0
-0.0258318;-0.0198508;-0.0440915;0.00642881;0.00836493;0.0383408;0
0.0633843;0.0472173;0.115961;0.00277522;-0.00686421;0.0145467;0
-0.0244883;-0.0193025;-0.0425767;0.00582995;0;0.0320666;0
-0.0251571;-0.019362;-0.0442788;0.00423819;-0.0336263;0.0238847;0
0.0639376;0.0469348;0.11402;0.00115481;0;-0.00774819;0
-0.0261087;-0.019399;-0.0498583;-0.00626845;-0.0212603;-0.0385083;0
-0.0274467;-0.0206375;-0.0479227;0.0036184;0;0.0272168;0
-0.0248503;-0.0193197;-0.0441045;0.00256586;0.0316381;0.0156593;0
0.062601;0.0479802;0.112781;-0.00345269;0.0112848;-0.0141147;0
-0.0267253;-0.02;-0.0500533;-0.00419485;-0.0217905;-0.025796;0
-0.0263857;-0.0197518;-0.0451616;0.00593185;-0.0224237;0.0387057;0
0.0630765;0.0476717;0.114165;-0.000368719;-0.00377946;-0.0016814;0
-0.0261561;-0.0198492;-0.0458581;0.00445746;-0.0237021;0.026207;0
-0.0260327;-0.0198104;-0.0451222;0.00503129;-0.0229324;0.0300997;0
-0.0280325;-0.0209296;-0.0502577;0.0011454;-0.0228233;0.00922798;0
0.0623692;0.048202;0.113816;-0.0016483;-0.00629297;-0.00313422;0
-0.0272271;-0.0208043;-0.0500496;-0.000606714;0.00174284;-0.0073545;0
-0.0243286;-0.0183983;-0.0404683;0.00869211;0;0.0552484;0
0.0633897;0.0473087;0.114733;0.00237777;-0.00813646;0.00508268;0
-0.0266532;-0.0203344;-0.0490265;-0.000924526;-0.0192256;-0.00657957;0
-0.0242626;-0.0186789;-0.045751;-0.00367823;0.0346491;-0.0267957;0
0.0621196;0.0483983;0.11354;-0.00241786;0.0103053;0.000228234;0
-0.0267019;-0.0206206;-0.0476871;0.00291091;0;0.0149452;0
-0.0263288;-0.0205265;-0.048371;0.000504714;0.00940962;-0.00111428;0
-0.0269516;-0.0206371;-0.0492969;7.81115e-05;0;-8.90035e-05;0
0.0638605;0.0468986;0.114812;0.00280209;-0.0088247;0.00193963;0
-0.0261024;-0.0198469;-0.0494487;-0.00423328;0;-0.0289058;0
-0.0248101;-0.0190576;-0.0433362;0.00465473;0.0275;0.0283502;0
0.0630438;0.0474306;0.113572;-0.00103946;0.0019539;-0.0135685;0
-0.0258097;-0.019428;-0.0458947;0.00116985;0.039574;0.00952345;0
-0.0268897;-0.0194065;-0.0441943;0.00763469;0.00715603;0.0553218;0
-0.0227666;-0.0181498;-0.0393558;0.00676902;0;0.0351997;0
0.0629532;0.0477349;0.114045;-0.000924806;0;-0.0044004;0
-0.0271054;-0.0205762;-0.0476104;0.00388178;0;0.0248367;0
-0.0237166;-0.0174981;-0.046792;-0.00873545;-0.0234429;-0.0562691;0
0.0624969;0.048196;0.114508;0.000974704;-0.00522028;0.0107028;0
-0.0236879;-0.0175774;-0.0380946;0.0097747;0.00465984;0.0661992;0
-0.0279825;-0.0211837;-0.0501961;0.000767644;0;0.00712563;0
-0.0254429;-0.0195093;-0.0439277;0.00579518;0;0.0377412;0
0.062729;0.0478839;0.114218;0.000791397;-0.0011691;0.00265052;0
-0.0288251;-0.0213258;-0.0520684;-0.000932053;-0.0192066;-0.00228096;0
-0.025342;-0.018823;-0.0416965;0.00775121;-0.00292079;0.0563261;0
0.0631746;0.0475658;0.114972;0.00144296;-0.00365586;0.00908014;0
-0.0264577;-0.0190672;-0.0431216;0.00799076;0;0.0603047;0
-0.0243707;-0.0172626;-0.0480351;-0.0115881;0.0281497;-0.063228;0
-0.0252354;-0.0191605;-0.0434064;0.00398118;0.039334;0.0282172;0
0.0627583;0.0476823;0.114533;8.96601e-05;-0.00180856;0.00148758;0
-0.0259648;-0.0200145;-0.0454069;0.00469944;0;0.0277166;0
-0.0252354;-0.0193072;-0.0428558;0.00645146;0.00800021;0.0398572;0
0.0630827;0.047297;0.114992;0.0027809;-0.00208882;0.00780232;0
-0.0255864;-0.0191672;-0.0484907;-0.00545763;0.0321776;-0.0337769;0
-0.0275044;-0.020545;-0.0471692;0.00486795;0.00417449;0.0331534;0
0.0631646;0.0475481;0.114246;0.00176569;0.00655003;0.00260457;0
-0.026358;-0.020047;-0.0466492;0.0031483;-0.0234227;0.0218382;0
-0.0252403;-0.0176265;-0.0394295;0.00919539;0.00667701;0.0769452;0
-0.0272076;-0.0205151;-0.0494853;-0.000590869;0.0316718;-0.00319277;0
0.0626045;0.0477608;0.113667;-0.00215682;0;-0.0126516;0
-0.0250132;-0.0199592;-0.0459146;0.00176913;0;0.00458631;0
-0.0274891;-0.0208436;-0.0507249;-0.00179462;0;-0.00939162;0
0.0633526;0.0471473;0.114478;0.00200926;-0.000806885;0.0074357;0
-0.0266809;-0.0204543;-0.0498175;-0.00323224;0;-0.0205689;0
-0.0225197;-0.016633;-0.0354478;0.0105803;-0.0209898;0.0706109;0
-0.0245838;-0.0186803;-0.0422671;0.00436818;0.0410964;0.0282971;0
0.0630688;0.04787;0.114905;0.00167537;-0.00701497;0.012971;0
-0.0250301;-0.0184814;-0.0412712;0.00610821;0.0382972;0.0440095;0
-0.0290439;-0.0211003;-0.0493425;0.00384811;0.0116729;0.0348838;0
0.062188;0.048237;0.113735;-0.00204727;0;-0.00365543;0
-0.0264953;-0.020214;-0.0474611;0.00233467;-0.0295205;0.0146336;0
-0.0258227;-0.0197048;-0.0449177;0.0045404;-0.0296713;0.0284614;0
-0.0261444;-0.0200637;-0.049745;-0.00355926;0;-0.0266479;0
0.0638817;0.046531;0.11479;0.0015779;-0.0093231;-0.00843809;0
-0.0240891;-0.0190094;-0.0453034;-0.000176756;-0.0271274;-0.0087268;0
-0.0246797;-0.0198006;-0.0448564;0.00272973;0;0.00982849;0
0.0624625;0.0481383;0.113144;-0.00352852;-0.00725846;-0.0120797;0
-0.027487;-0.0210674;-0.0496265;0.0010047;0;0.00446919;0
-0.0269992;-0.0201143;-0.0464596;0.00418286;-0.0254813;0.0323059;0
0.0635687;0.0469892;0.115118;0.00315494;0.00216975;0.00632505;0
-0.026014;-0.0196149;-0.0458363;0.00345605;-0.0305609;0.0218049;0
-0.0267743;-0.0205242;-0.0474492;0.00330958;0;0.0204241;0
-0.0276595;-0.0208257;-0.048441;0.00326194;0;0.0244389;0
0.0630852;0.0473402;0.11502;0.000656852;-0.0143267;0.00521546;0
-0.0236834;-0.0187047;-0.0449582;-0.00193687;-0.0214804;-0.0183975;0
-0.0259076;-0.0194279;-0.0495813;-0.00728039;0.00273869;-0.0406886;0
0.0632245;0.0474675;0.113872;-9.92782e-05;-0.00692747;-0.00244975;0
-0.0257;-0.0195822;-0.045769;0.00143898;0.0352595;0.009748;0
-0.0260041;-0.0196274;-0.0485657;-0.00323506;0.028876;-0.0223959;0
-0.025631;-0.0195475;-0.046285;0.000175232;0.0366856;0.00143692;0
0.062705;0.0481193;0.113458;-0.000695878;-0.0166809;-0.00305268;0
-0.027288;-0.02068;-0.04977;-0.000547599;0.000209338;-0.00453989;0
-0.0251416;-0.0183271;-0.0417094;0.00687915;-0.0355076;0.0488775;0
0.0633143;0.0476062;0.114174;0.00176224;-0.00526389;0.00374398;0
-0.0256391;-0.0193497;-0.0457518;0.000889648;-0.0387447;0.00755974;0
-0.0281894;-0.0208889;-0.0487605;0.00337853;0;0.0287782;0
0.0628536;0.0475827;0.114043;3.29302e-05;0;0.00226711;0
-0.0265583;-0.0200487;-0.0454139;0.00509112;0.00811972;0.0337305;0
-0.0267325;-0.0194039;-0.0484474;-0.00206976;-0.0522806;-0.00626758;0
-0.0259465;-0.0199586;-0.046061;0.00359325;0;0.020237;0
0.0626602;0.0476768;0.113158;-0.0014324;-0.0157119;-0.0120331;0
-0.028469;-0.0212953;-0.0519639;-0.00190997;0.00197486;-0.00956873;0
-0.0266856;-0.0205325;-0.0488914;0.000128031;0;-0.00245589;0
0.0632388;0.047435;0.114941;0.00243608;-0.000379666;0.00697827;0
-0.0263599;-0.0204362;-0.0483147;0.00060521;0;-0.000956659;0
-0.0279901;-0.0208718;-0.0486477;0.00393266;0;0.0295834;0
0.0633812;0.0473486;0.11434;0.000655786;-0.00671578;-0.00244762;0
-0.026549;-0.0197685;-0.0501994;-0.00541798;-0.0190981;-0.0301494;0
-0.0263814;-0.0205129;-0.0478903;0.00068354;0;0.00304836;0
-0.0262257;-0.0191146;-0.0435261;0.0063576;-0.0205021;0.0520949;0
0.0630665;0.0479105;0.113853;0.000717739;0;-0.00230252;0
-0.0281152;-0.0210611;-0.0491466;0.00259408;0;0.0228153;0
-0.0272794;-0.020768;-0.0487671;0.00145315;0;0.00973423;0
0.0627824;0.0476698;0.115127;0.0019807;-1.2307e-05;0.0139777;0
-0.026657;-0.0204531;-0.0486334;0.000277014;0.00951072;-0.0012192;0
-0.0271342;-0.020345;-0.0465269;0.00427701;0.00812179;0.031296;0
0.062329;0.0479121;0.113235;-0.00211142;0;-0.0101852;0
-0.025585;-0.0197152;-0.0486287;-0.00390649;0;-0.0290549;0
-0.0274282;-0.020452;-0.0467157;0.00547811;0.00815161;0.0357706;0
-0.0273995;-0.0207311;-0.0477854;0.0034495;0.0138718;0.0233008;0
0.0633456;0.0473477;0.113773;-0.000375243;0;-0.010152;0
-0.0269567;-0.0191045;-0.0428421;0.0077819;0.00334955;0.064625;0
-0.0257838;-0.0194169;-0.0495516;-0.00633979;0;-0.0396348;0
0.062447;0.0483299;0.113033;-0.00233262;0;-0.0059294;0
-0.0265846;-0.0205671;-0.0471201;0.0029731;0.00951151;0.0174962;0
-0.0260015;-0.0199505;-0.0493529;-0.00239295;-0.0152728;-0.0199236;0
-0.0262226;-0.019901;-0.0496404;-0.00383729;-0.0219042;-0.025839;0
0.0628456;0.0473892;0.115484;0.00220812;-0.00031696;0.0137224;0
-0.025032;-0.019651;-0.0440343;0.00482118;-0.00380499;0.027784;0
-0.0277301;-0.0210452;-0.0495862;0.00138378;0;0.0106838;0
0.0628272;0.0480093;0.113802;-0.000138651;-0.00288715;-0.000409832;0
-0.0265105;-0.0200674;-0.0495288;-0.00306174;0.0280633;-0.0185977;0
-0.0262372;-0.0200091;-0.0452864;0.00590414;0.00429265;0.0349649;0
0.0637185;0.0466431;0.115101;0.00222882;-0.00191592;0.00103324;0
-0.0273198;-0.0204943;-0.0472676;0.00322615;0.00840368;0.02605;0
-0.0251675;-0.0192181;-0.0440562;0.00442998;-0.0298364;0.0285332;0
-0.0282952;-0.0208666;-0.0526145;-0.00445056;-0.0140996;-0.0224398;0
0.0623945;0.0479693;0.114237;-0.00116849;0;-0.0028876;0
-0.025879;-0.0199328;-0.049196;-0.00328846;-0.00543498;-0.0250455;0
-0.0266777;-0.0190782;-0.0429147;0.00733646;0.00692342;0.0619237;0
0.0628981;0.0475042;0.114935;0.00182834;0.00576556;0.00990363;0
-0.0271296;-0.0204018;-0.051089;-0.00434525;0;-0.0265423;0
-0.0272879;-0.0205159;-0.0471242;0.00428838;0;0.0325301;0
0.0629273;0.0474625;0.114899;0.000611777;0.00986315;0.00368734;0
-0.0289052;-0.0212003;-0.049803;0.00369877;0;0.0308362;0
-0.0276041;-0.020818;-0.0482091;0.00342741;0.00429124;0.0254048;0
-0.0271419;-0.0208056;-0.0500717;-0.000624547;0.00248582;-0.0063351;0
0.0622224;0.048497;0.113085;-0.00211659;0;-0.00787581;0
-0.0269942;-0.0203509;-0.0487263;0.000218659;0.0330148;0.00297302;0
-0.0259819;-0.020171;-0.04618;0.00423685;0;0.0208096;0
