0
0.00479892
0.00917045
0.0132066
0.0169735
0.0205499
0.0239714
0.027296
0.0305321
0.0337314
0.0369116
0.0400868
0.043267
0.0464721
0.049692
0.0529594
0.0562539
0.059572
0.0629369
0.0663304
0.069762
0.0732119
0.0766958
0.0802032
0.0837433
0.0872978
0.0908796
0.0944736
0.0980777
0.101708
0.105344
0.10898
0.112632
0.116289
0.11996
0.123616
0.127279
0.13094
0.134577
0.138214
0.141834
0.145438
0.149022
0.152581
0.156118
0.159641
0.163117
0.16656
0.169921
0.173283
0.176571
0.179792
0.182986
0.186067
0.189058
0.191985
0.194818
0.197516
0.200084
0.202526
0.204824
0.206949
0.208893
0.210693
0.212296
0.213603
0.214694
0.215538
0.216116
0.216365
0.216288
0.215939
0.2152
0.214105
0.21269
0.210922
0.208806
0.206246
0.203356
0.200094
0.196562
0.192793
0.18879
0.184387
0.179844
0.175098
0.170124
0.16499
0.159933
0.154647
0.149266
0.14401
0.138699
0.133453
0.128356
0.123148
0.11806
0.1132
0.108411
0.1037
0.0991627
0.0948139
0.0904066
0.0862232
0.0821288
0.0781551
0.0743788
0.0707138
0.0671393
0.0637445
0.0604706
0.0573296
0.0542566
0.0512831
0.0484265
0.0456879
0.043069
0.0405511
0.0381426
0.0358241
0.0336103
0.0314841
0.0294362
0.0274861
0.0256338
0.0238945
0.0222187
0.0206208
0.0191115
0.0176938
0.0163195
0.0150434
0.0138353
0.012686
0.0116117
0.0106066
0.00967933
0.00876833
0.00793927
0.00717928
0.00647389
0.00578276
0.00512856
0.00454202
0.00397927
0.00347056
0.00298007
0.00256894
0.00221113
0.00182779
0.00155136
0.00129727
