0
0.000114918
0.00126839
0.00322723
0.00584841
0.00893259
0.0123813
0.0160871
0.0200064
0.02402
0.0280526
0.0321138
0.0361493
0.0401189
0.0440331
0.0478203
0.0515306
0.0551851
0.0587082
0.0621798
0.0655391
0.0688283
0.0720046
0.0751209
0.0781357
0.0810971
0.0839808
0.0867927
0.0895879
0.0922871
0.0949531
0.0976288
0.100226
0.102805
0.105309
0.107864
0.110317
0.112776
0.115328
0.117786
0.120252
0.122759
0.125247
0.127822
0.13039
0.132982
0.135698
0.138463
0.141425
0.1443
0.147366
0.150615
0.153862
0.157421
0.161191
0.165072
0.169262
0.173826
0.178771
0.184038
0.189702
0.19585
0.202613
0.209778
0.217386
0.225929
0.235198
0.245109
0.256063
0.267942
0.280983
0.294835
0.309999
0.326369
0.343706
0.362194
0.381798
0.403006
0.42528
0.448651
0.47288
0.4979
0.524347
0.550699
0.578446
0.60525
0.632688
0.66229
0.689911
0.71719
0.743567
0.769653
0.794699
0.820315
0.844814
0.868122
0.890706
0.913278
0.93508
0.955612
0.976122
0.994837
1.01262
1.02918
1.04511
1.06142
1.07554
1.09015
1.10404
1.11652
1.12772
1.13889
1.14936
1.15945
1.1686
1.17761
1.18585
1.19387
1.2012
1.20822
1.21492
1.22131
1.22736
1.23301
1.23835
1.24341
1.24814
1.25258
1.25683
1.26075
1.26443
1.2679
1.27108
1.27411
1.27691
1.27944
1.28169
1.28379
1.28585
1.28744
1.28888
1.28997
1.2912
1.29192
1.29255
1.29304
1.29366
1.29376
1.29378
1.29333
1.29304
1.2924
