0;-1.5708;0;-1.5708;0;0;0
0.000122179;-1.57031;-0.00171105;-1.56969;0;-0.000300825;0
0.0012755;-1.5702;-0.00305946;-1.5696;6.70973e-08;-0.000315969;0
0.00322872;-1.57039;-0.00413389;-1.57029;1.47258e-07;-0.000107249;0
0.0058397;-1.57084;-0.00497056;-1.57163;1.47258e-07;0.000284281;0
0.00891032;-1.57146;-0.0056724;-1.57339;1.47258e-07;0.000799274;0
0.0123425;-1.57221;-0.00627046;-1.57549;-6.0526e-08;0.00144058;0
0.0160301;-1.57307;-0.00681201;-1.5778;-4.90404e-07;0.00211599;0
0.0199295;-1.57401;-0.00729876;-1.58029;-1.40404e-06;0.00284296;0
0.0239229;-1.57497;-0.00780268;-1.58283;-2.32956e-06;0.00358388;0
0.0279353;-1.57592;-0.00836728;-1.58535;-3.24431e-06;0.0043347;0
0.0319752;-1.5769;-0.00896632;-1.58783;-5.13739e-06;0.00516865;0
0.0359902;-1.57784;-0.00963384;-1.59026;-7.04442e-06;0.00586216;0
0.03994;-1.57874;-0.010393;-1.59257;-8.90169e-06;0.00653079;0
0.0438333;-1.5796;-0.0112356;-1.59478;-1.1651e-05;0.00717898;0
0.0476011;-1.58038;-0.0122078;-1.59681;-1.43931e-05;0.00775917;0
0.0512929;-1.58113;-0.013274;-1.59871;-1.71536e-05;0.00830791;0
0.0549299;-1.58186;-0.0144138;-1.60049;-1.99783e-05;0.00892005;0
0.0584358;-1.5825;-0.0156925;-1.60209;-2.3719e-05;0.00938532;0
0.061892;-1.58314;-0.0170491;-1.60355;-2.65765e-05;0.00992573;0
0.0652357;-1.58372;-0.0185359;-1.60485;-3.04209e-05;0.0103986;0
0.0685107;-1.58422;-0.0201286;-1.60604;-3.43327e-05;0.0107559;0
0.0716735;-1.58465;-0.0218627;-1.60705;-3.82575e-05;0.0110677;0
0.0747772;-1.58505;-0.0237022;-1.60792;-4.2285e-05;0.0114481;0
0.0777782;-1.58537;-0.0256875;-1.60862;-4.83777e-05;0.0117155;0
0.0807267;-1.58564;-0.0277884;-1.6092;-5.46084e-05;0.0119152;0
0.0835982;-1.58586;-0.030029;-1.60963;-6.0986e-05;0.0120661;0
0.0864014;-1.586;-0.0324139;-1.60991;-6.53219e-05;0.01221;0
0.0891858;-1.58612;-0.0349066;-1.61008;-7.20183e-05;0.0123177;0
0.0918777;-1.58615;-0.0375753;-1.61007;-7.66077e-05;0.0123571;0
0.0945372;-1.58614;-0.0403857;-1.60994;-8.13401e-05;0.012365;0
0.0972067;-1.58612;-0.0433068;-1.60971;-8.62072e-05;0.0123493;0
0.0997969;-1.586;-0.0464169;-1.6093;-9.37575e-05;0.0122845;0
0.102371;-1.58585;-0.0496809;-1.60877;-9.89631e-05;0.0121789;0
0.104871;-1.5856;-0.0531544;-1.60804;-0.000104399;0.0120069;0
0.107419;-1.58534;-0.0567541;-1.60724;-0.000115599;0.0118086;0
0.10987;-1.58495;-0.0606096;-1.60623;-0.000121508;0.0115869;0
0.112328;-1.58451;-0.0646449;-1.60509;-0.000127662;0.0112794;0
0.114872;-1.58409;-0.0688159;-1.60387;-0.000140348;0.0109497;0
0.117332;-1.58352;-0.0732673;-1.60245;-0.00014707;0.0106148;0
0.119798;-1.58286;-0.0779421;-1.60089;-0.000154123;0.0101725;0
0.122308;-1.58216;-0.0828259;-1.5992;-0.000161488;0.00968315;0
0.124799;-1.58134;-0.0879854;-1.59735;-0.000169277;0.00912916;0
0.127377;-1.58051;-0.0933499;-1.59538;-0.000177377;0.00855596;0
0.129941;-1.57955;-0.0990328;-1.59321;-0.00019462;0.00799521;0
0.132548;-1.57851;-0.104989;-1.59088;-0.00019462;0.00728035;0
0.13527;-1.57745;-0.111189;-1.58844;-0.000204121;0.00660745;0
0.138052;-1.5763;-0.1177;-1.58586;-0.000204121;0.00581432;0
0.141019;-1.57511;-0.124457;-1.58323;-0.00021459;0.00500066;0
0.143903;-1.57371;-0.131669;-1.58029;-0.000225943;0.00420396;0
0.146978;-1.57229;-0.139152;-1.57728;-0.000237762;0.0033963;0
0.150223;-1.57081;-0.146969;-1.57417;-0.000262695;0.00254005;0
0.153494;-1.56915;-0.155243;-1.5708;-0.000262695;0.00160064;0
0.157077;-1.56752;-0.163782;-1.56745;-0.000262317;0.00066998;0
0.160871;-1.5658;-0.172705;-1.56401;-0.000262317;-0.000369825;0
0.16478;-1.56393;-0.182118;-1.56035;-0.000262317;-0.00123279;0
0.168998;-1.56206;-0.191864;-1.55667;-0.000262317;-0.00228196;0
0.173589;-1.56021;-0.201916;-1.55302;-0.000262317;-0.00333068;0
0.178561;-1.55838;-0.212336;-1.54938;-0.000262317;-0.00437985;0
0.183856;-1.55646;-0.223193;-1.54571;-0.000262317;-0.00552357;0
0.189548;-1.55455;-0.234447;-1.54203;-0.000262317;-0.00643476;0
0.195765;-1.55273;-0.245987;-1.53851;-0.000221024;-0.00746939;0
0.202553;-1.55103;-0.257815;-1.53514;-0.000221024;-0.00848569;0
0.209744;-1.54929;-0.270068;-1.5318;-0.000221024;-0.00949949;0
0.21738;-1.54743;-0.282771;-1.52856;-0.000221024;-0.0105761;0
0.225944;-1.54599;-0.295451;-1.52586;-0.000221024;-0.0114867;0
0.235231;-1.54481;-0.308319;-1.52344;-0.000221024;-0.0122554;0
0.245252;-1.54387;-0.321331;-1.52137;-0.000125668;-0.012815;0
0.256154;-1.54335;-0.334345;-1.51978;-0.000186632;-0.0132103;0
0.268033;-1.54333;-0.347165;-1.51885;-0.000186632;-0.013357;0
0.281063;-1.5441;-0.359603;-1.51869;-0.000186632;-0.0132149;0
0.2949;-1.54519;-0.372065;-1.51899;-0.000186632;-0.0128929;0
0.310034;-1.5473;-0.383805;-1.52031;-0.000186632;-0.0121946;0
0.32636;-1.5503;-0.394973;-1.5225;-0.000186632;-0.0111985;0
0.343641;-1.55408;-0.405537;-1.5255;-0.000186632;-0.00966108;0
0.362056;-1.55883;-0.415342;-1.52942;-0.000186632;-0.00777341;0
0.381573;-1.56463;-0.42429;-1.53429;-0.000186632;-0.00533536;0
0.402667;-1.57204;-0.431827;-1.54055;-0.000186632;-0.0027322;0
0.424813;-1.58076;-0.438169;-1.54775;-0.000186632;0.000995764;0
0.448031;-1.59064;-0.443284;-1.55613;-0.000186632;0.00453508;0
0.472089;-1.60159;-0.44754;-1.56515;-0.000186632;0.00944204;0
0.496924;-1.61371;-0.450449;-1.57515;-0.000186632;0.0137599;0
0.522162;-1.6264;-0.452567;-1.58578;-0.0011963;0.0183062;0
0.548484;-1.64081;-0.452771;-1.59771;-0.000998443;0.0235659;0
0.574961;-1.65553;-0.452483;-1.60998;-0.00204701;0.0288054;0
0.601455;-1.67063;-0.451468;-1.62262;-0.00212127;0.0352044;0
0.628734;-1.68688;-0.449246;-1.63612;-0.00203261;0.0410576;0
0.65604;-1.70364;-0.446015;-1.65015;-0.00407079;0.0465929;0
0.682611;-1.72021;-0.442814;-1.66361;-0.0048751;0.0539587;0
0.70985;-1.73794;-0.43841;-1.67778;-0.00465456;0.0617218;0
0.73618;-1.75463;-0.434212;-1.69187;-0.00444785;0.068891;0
0.762178;-1.77182;-0.429652;-1.70549;-0.00428247;0.0777511;0
0.787353;-1.78823;-0.42484;-1.71931;-0.00391255;0.0839687;0
0.812088;-1.80466;-0.419787;-1.73292;-0.00454883;0.08995;0
0.836125;-1.82052;-0.41525;-1.74586;-0.00477601;0.0963918;0
0.85961;-1.83654;-0.409912;-1.7589;-0.00436968;0.103217;0
0.88207;-1.85177;-0.404955;-1.7713;-0.00427216;0.109948;0
0.90367;-1.86657;-0.400274;-1.783;-0.00503102;0.116437;0
0.924477;-1.88074;-0.395993;-1.7941;-0.00583152;0.123622;0
0.944872;-1.8951;-0.39125;-1.80509;-0.00576947;0.129899;0
0.963763;-1.90782;-0.38749;-1.81519;-0.00721196;0.13509;0
0.981852;-1.92009;-0.384057;-1.82461;-0.00767192;0.140186;0
0.999504;-1.93217;-0.380465;-1.83394;-0.00763962;0.145288;0
1.01595;-1.94336;-0.377627;-1.84218;-0.00760795;0.151399;0
1.03196;-1.95431;-0.374775;-1.85024;-0.00738736;0.156074;0
1.04698;-1.96455;-0.372255;-1.85768;-0.00852669;0.160345;0
1.06114;-1.97422;-0.370146;-1.86439;-0.00837428;0.164291;0
1.07461;-1.98346;-0.368303;-1.87058;-0.00939282;0.168119;0
1.08744;-1.99225;-0.36673;-1.87631;-0.0103434;0.17175;0
1.09939;-2.00041;-0.36567;-1.88125;-0.010777;0.175518;0
1.1106;-2.00797;-0.365071;-1.88559;-0.0106822;0.179243;0
1.12132;-2.01524;-0.364626;-1.88957;-0.011047;0.181821;0
1.13161;-2.02226;-0.364347;-1.8932;-0.0111469;0.184386;0
1.14128;-2.02884;-0.364366;-1.89635;-0.0114865;0.186604;0
1.15044;-2.03509;-0.364667;-1.89903;-0.0114107;0.188716;0
1.15903;-2.04091;-0.36534;-1.90118;-0.0117748;0.190846;0
1.16718;-2.04643;-0.366311;-1.90288;-0.011812;0.192767;0
1.17486;-2.05164;-0.367547;-1.90418;-0.0120974;0.194479;0
1.18215;-2.05658;-0.369054;-1.90506;-0.0120982;0.196007;0
1.18907;-2.06127;-0.370777;-1.90562;-0.0121545;0.197167;0
1.19547;-2.06553;-0.372875;-1.90569;-0.0124143;0.198251;0
1.20163;-2.06963;-0.375161;-1.9055;-0.0126131;0.199014;0
1.20745;-2.07351;-0.377637;-1.905;-0.0128158;0.199485;0
1.21287;-2.07706;-0.380441;-1.90408;-0.0130208;0.199946;0
1.218;-2.0804;-0.383495;-1.90283;-0.0132084;0.200242;0
1.22285;-2.08356;-0.386802;-1.90123;-0.0134102;0.200405;0
1.22745;-2.08652;-0.390318;-1.89936;-0.0135272;0.200452;0
1.23175;-2.08925;-0.394068;-1.8972;-0.0136563;0.200345;0
1.23582;-2.09181;-0.398038;-1.89474;-0.0138326;0.200102;0
1.23957;-2.09406;-0.402344;-1.89194;-0.013992;0.199715;0
1.24311;-2.09614;-0.4068;-1.88895;-0.0141348;0.199162;0
1.2464;-2.09799;-0.41154;-1.88564;-0.0143192;0.19847;0
1.24944;-2.09962;-0.416516;-1.88207;-0.0144704;0.197618;0
1.25233;-2.10111;-0.421673;-1.87829;-0.0146197;0.196682;0
1.25499;-2.10239;-0.427073;-1.87427;-0.0147697;0.195546;0
1.25741;-2.10346;-0.432699;-1.86997;-0.0148991;0.194379;0
1.25956;-2.10422;-0.43865;-1.86538;-0.0150298;0.193032;0
1.26168;-2.10499;-0.44464;-1.86072;-0.0150315;0.191742;0
1.26357;-2.1055;-0.450891;-1.85583;-0.0152211;0.189992;0
1.26513;-2.10563;-0.457531;-1.85058;-0.0152986;0.188381;0
1.26647;-2.10551;-0.464411;-1.84512;-0.0154357;0.186542;0
1.26766;-2.10517;-0.471506;-1.83951;-0.0153788;0.184813;0
1.26878;-2.1048;-0.478672;-1.8338;-0.0155183;0.18308;0
1.26961;-2.10402;-0.486213;-1.82782;-0.0154575;0.180894;0
1.27028;-2.10303;-0.493942;-1.8217;-0.0154753;0.178638;0
1.27078;-2.1018;-0.501932;-1.81538;-0.015517;0.176237;0
1.27123;-2.10053;-0.509982;-1.809;-0.0157362;0.17403;0
1.27136;-2.09887;-0.518429;-1.80228;-0.0157761;0.171815;0
1.2713;-2.09683;-0.527203;-1.79541;-0.0159248;0.168896;0
1.2711;-2.09458;-0.536052;-1.78854;-0.0157397;0.165649;0
1.27077;-2.09207;-0.545273;-1.78143;-0.0158608;0.162354;0
1.27024;-2.08928;-0.554729;-1.77416;-0.0158271;0.159458;0
