0
0.00153104
0.0031959
0.004834
0.00643621
0.00802968
0.00953287
0.00957072
0.00960357
0.00979921
0.00999287
0.0101675
0.0106606
0.0112505
0.0118915
0.0126236
0.0135434
0.0146182
0.015762
0.0170243
0.0184364
0.02002
0.0217391
0.0236139
0.0256261
0.027759
0.0300596
0.032491
0.0350142
0.0376332
0.0403763
0.0431993
0.0461244
0.049153
0.0522262
0.0553827
0.0586029
0.0618432
0.0651461
0.0685002
0.071887
0.0752867
0.0787294
0.0821836
0.0856592
0.08918
0.0927076
0.096229
0.0997747
0.103328
0.106856
0.110407
0.113998
0.117548
0.121077
0.124623
0.128138
0.131625
0.135132
0.138655
0.142115
0.145543
0.148961
0.152255
0.155611
0.158907
0.162149
0.1653
0.168409
0.171495
0.174308
0.177042
0.179831
0.182368
0.185303
0.187948
0.190241
0.192356
0.194751
0.19662
0.198227
0.199745
0.200917
0.202296
0.203
0.203502
0.20413
0.204287
0.204082
0.203701
0.202841
0.201571
0.200031
0.198512
0.196373
0.194119
0.191448
0.188484
0.185135
0.181512
0.177855
0.173879
0.169742
0.165367
0.160944
0.156281
0.151595
0.146846
0.14207
0.137313
0.132686
0.127872
0.123013
0.118266
0.113558
0.108892
0.104353
0.0999053
0.0956497
0.0915499
0.0874625
0.0834371
0.0796738
0.0758046
0.0721336
0.0685883
0.0653753
0.0620421
0.0586248
0.0555449
0.0526627
0.0496483
0.0469838
0.0441275
0.0416051
0.0380718
0.0357749
0.0331913
0.0309329
0.0290741
0.0269624
0.0247614
0.0230369
0.0217365
0.0210679
0.0209817
0.0212129
0.021894
0.0227852
