0
0.00434065
0.0200927
0.0357225
0.0513027
0.0667741
0.0818913
0.10455
0.127205
0.148862
0.17056
0.189292
0.20945
0.230113
0.24798
0.265385
0.28186
0.297781
0.31302
0.327715
0.341687
0.35499
0.36759
0.379326
0.390277
0.400645
0.410077
0.418974
0.427363
0.435077
0.442289
0.448924
0.455124
0.460819
0.46617
0.471015
0.475387
0.479569
0.483458
0.486891
0.490006
0.493001
0.495692
0.498217
0.500503
0.502304
0.503809
0.505338
0.506775
0.507702
0.508811
0.50973
0.509976
0.510264
0.510388
0.510083
0.510009
0.50989
0.509432
0.508672
0.50806
0.507211
0.506159
0.505498
0.504452
0.503029
0.501605
0.500481
0.499209
0.516533
0.536521
0.555136
0.570128
0.581432
0.5896
0.595619
0.60558
0.610191
0.603667
0.601639
0.596305
0.590131
0.584146
0.57443
0.566705
0.557661
0.544588
0.530924
0.51792
0.502831
0.488934
0.474584
0.458704
0.441327
0.424877
0.407906
0.391702
0.376161
0.35918
0.34143
0.325357
0.308414
0.291573
0.275684
0.257202
0.240472
0.224196
0.208222
0.192329
0.17708
0.16131
0.147888
0.135733
0.122293
0.107952
0.094255
0.0827694
0.0709825
0.0574396
0.0442064
0.034292
0.0250916
0.0168657
0.0106931
0.0046401
-0.00118303
-0.0102568
-0.0172074
-0.0222623
-0.0318718
-0.0376925
-0.0445216
-0.0520635
-0.0472431
-0.0458517
-0.0340221
-0.0212336
-0.0366716
-0.03351
-0.0308511
-0.0143723
-0.0163984
-0.00315285
0.00487494
-0.000490904
-0.00664234
-0.00882816
-0.0152805
-0.0237987
