0;-1.5708;0;-1.5708;0;0;0
1.06518e-09;-1.57301;-0.00518316;-1.56774;0;0.0709267;0
3.50047e-06;-1.5752;-0.0103833;-1.57596;-0.000147854;0.0734732;0
-2.41522e-05;-1.57731;-0.0156681;-1.58392;-0.000420208;0.077674;0
-6.14119e-05;-1.5794;-0.0210131;-1.59167;-0.000813096;0.083162;0
-0.000129942;-1.58142;-0.0263879;-1.59932;-0.00124409;0.0888111;0
-0.000188974;-1.58342;-0.0317918;-1.60591;-0.00236008;0.101554;0
-0.000358057;-1.58932;-0.0371692;-1.61643;-0.00321807;0.111027;0
-0.000520253;-1.5952;-0.0425018;-1.62701;-0.00408578;0.120384;0
-0.000769454;-1.6005;-0.0478751;-1.63642;-0.00565496;0.13371;0
-0.00103309;-1.60577;-0.0532055;-1.64567;-0.00750856;0.147606;0
-0.00212848;-1.60979;-0.0589891;-1.64608;-0.0160283;0.206649;0
-0.00278976;-1.6141;-0.0644755;-1.65408;-0.0183938;0.221694;0
-0.00381451;-1.6178;-0.0700527;-1.66027;-0.0235802;0.244197;0
-0.00153534;-1.62234;-0.0732588;-1.67025;-0.0237167;0.24665;0
0.000715198;-1.62674;-0.0764343;-1.67994;-0.0238622;0.249075;0
0.00287732;-1.63067;-0.0795926;-1.68909;-0.0241006;0.251439;0
0.00481251;-1.63427;-0.0828224;-1.69749;-0.0247927;0.255068;0
0.00690344;-1.63783;-0.0858607;-1.70597;-0.0249464;0.257343;0
0.00893809;-1.64118;-0.0888262;-1.71413;-0.025176;0.259649;0
0.0109356;-1.64429;-0.0917032;-1.72184;-0.0254445;0.261954;0
0.0127039;-1.64693;-0.0946036;-1.72882;-0.0262285;0.265545;0
0.014411;-1.64931;-0.0974491;-1.73547;-0.0269519;0.268824;0
0.0160638;-1.65134;-0.100199;-1.74168;-0.027696;0.272137;0
0.0174906;-1.65295;-0.102967;-1.74705;-0.0289045;0.277797;0
0.0190207;-1.65446;-0.105571;-1.75268;-0.029522;0.2805;0
0.0204412;-1.65564;-0.108122;-1.75773;-0.0301797;0.28373;0
0.0218279;-1.65658;-0.110586;-1.76254;-0.0308662;0.286366;0
0.0232051;-1.65734;-0.11295;-1.76709;-0.031582;0.289088;0
0.0246171;-1.65797;-0.115214;-1.77154;-0.0319529;0.291001;0
0.0258593;-1.65826;-0.117488;-1.77549;-0.0326409;0.293646;0
0.0271487;-1.65841;-0.119663;-1.77935;-0.0330912;0.295713;0
0.0284175;-1.65836;-0.121772;-1.78297;-0.0336184;0.297507;0
0.0296274;-1.65799;-0.123858;-1.78621;-0.0343539;0.299606;0
0.030851;-1.65752;-0.125895;-1.78941;-0.0349353;0.301334;0
0.0319666;-1.65674;-0.127942;-1.79206;-0.0358704;0.304545;0
0.0331381;-1.65579;-0.129937;-1.79471;-0.0365408;0.306735;0
0.0343753;-1.65476;-0.131883;-1.79741;-0.0371107;0.30838;0
0.0355656;-1.6535;-0.133833;-1.79988;-0.0378444;0.310163;0
0.0367445;-1.65202;-0.135783;-1.80211;-0.0385719;0.312258;0
0.0379131;-1.65036;-0.13775;-1.80421;-0.0392711;0.314359;0
0.0391282;-1.64859;-0.139691;-1.80631;-0.0400073;0.316271;0
0.0403312;-1.64664;-0.141648;-1.80823;-0.0407622;0.318207;0
0.0415485;-1.64454;-0.143622;-1.81006;-0.0415875;0.320266;0
0.0427851;-1.64227;-0.145604;-1.81179;-0.0424231;0.322358;0
0.0440622;-1.63974;-0.147593;-1.8134;-0.0431662;0.324213;0
0.0453318;-1.63706;-0.149642;-1.8149;-0.0437995;0.326224;0
0.0466402;-1.63423;-0.151702;-1.81633;-0.044668;0.328494;0
0.0479612;-1.63117;-0.153789;-1.81761;-0.0457906;0.330869;0
0.0493683;-1.62798;-0.155913;-1.81893;-0.046475;0.332687;0
0.0507794;-1.62461;-0.158089;-1.82012;-0.0475886;0.335213;0
0.0522043;-1.62104;-0.160311;-1.82122;-0.0487521;0.337582;0
0.05372;-1.61715;-0.162572;-1.82218;-0.0496654;0.339678;0
0.0552473;-1.61311;-0.164927;-1.8231;-0.0507229;0.34223;0
0.0568367;-1.60894;-0.167347;-1.82401;-0.0516839;0.34482;0
0.0586619;-1.60453;-0.169742;-1.82501;-0.0523921;0.346336;0
0.0603464;-1.59988;-0.172319;-1.82575;-0.0536457;0.349128;0
0.0621342;-1.59504;-0.174961;-1.82653;-0.0549485;0.35176;0
0.0639616;-1.58986;-0.177698;-1.82709;-0.0563675;0.354729;0
0.0660719;-1.58447;-0.180434;-1.82772;-0.0576348;0.356564;0
0.068184;-1.57883;-0.183361;-1.82832;-0.0591414;0.358919;0
0.0703928;-1.57298;-0.186431;-1.82901;-0.0603805;0.360768;0
0.0727183;-1.56682;-0.189612;-1.82959;-0.0617324;0.362789;0
0.075015;-1.56051;-0.193052;-1.83015;-0.06338;0.365968;0
0.077448;-1.5537;-0.196574;-1.83039;-0.0653888;0.369301;0
0.0802133;-1.54675;-0.200264;-1.83095;-0.0666552;0.371016;0
0.0831045;-1.53954;-0.204164;-1.83161;-0.0678816;0.372397;0
0.0860181;-1.53203;-0.208341;-1.83209;-0.0696139;0.375113;0
0.0889978;-1.52409;-0.212782;-1.83229;-0.0716433;0.378992;0
0.0684676;-1.50594;-0.228201;-1.82041;-0.103573;0.43886;0
0.0477515;-1.48726;-0.242888;-1.80943;-0.138544;0.496891;0
0.0269041;-1.46727;-0.257228;-1.79972;-0.172511;0.549314;0
0.00603204;-1.44627;-0.271261;-1.79063;-0.20356;0.597374;0
-0.0146308;-1.4244;-0.28508;-1.78225;-0.231292;0.644842;0
-0.0381401;-1.39886;-0.299924;-1.77342;-0.258994;0.688409;0
-0.0606465;-1.37352;-0.314011;-1.76565;-0.284036;0.730305;0
-0.0825043;-1.34786;-0.327432;-1.75968;-0.312207;0.767747;0
-0.104225;-1.3213;-0.341084;-1.7539;-0.335503;0.804717;0
-0.12683;-1.29236;-0.355766;-1.74764;-0.349495;0.837886;0
-0.148085;-1.2639;-0.369138;-1.74365;-0.366543;0.868043;0
-0.169117;-1.23476;-0.382628;-1.74015;-0.380361;0.897023;0
-0.190263;-1.20471;-0.396039;-1.73739;-0.393587;0.921668;0
-0.210188;-1.17489;-0.408681;-1.73622;-0.405946;0.942647;0
-0.230493;-1.1438;-0.421041;-1.73573;-0.415447;0.956535;0
-0.24973;-1.11314;-0.432609;-1.73676;-0.425797;0.971057;0
-0.26929;-1.08157;-0.444008;-1.73843;-0.435248;0.982684;0
-0.288287;-1.04997;-0.455035;-1.74059;-0.440589;0.987756;0
-0.306866;-1.01823;-0.465537;-1.74375;-0.445001;0.992371;0
-0.325246;-0.986267;-0.475462;-1.74791;-0.449872;0.994776;0
-0.343212;-0.954472;-0.484559;-1.75294;-0.452453;0.994063;0
-0.360878;-0.922621;-0.492865;-1.75912;-0.455921;0.992492;0
-0.378019;-0.890842;-0.500714;-1.76612;-0.458495;0.989662;0
-0.394991;-0.85892;-0.508006;-1.77389;-0.45948;0.984251;0
-0.411168;-0.827556;-0.514694;-1.78227;-0.458402;0.973079;0
-0.427398;-0.7962;-0.520592;-1.79147;-0.458212;0.964382;0
-0.443056;-0.765362;-0.52573;-1.80134;-0.457071;0.952066;0
-0.458796;-0.734562;-0.530286;-1.81171;-0.456734;0.939948;0
-0.47391;-0.704224;-0.534204;-1.82284;-0.456487;0.926144;0
-0.489167;-0.673954;-0.537673;-1.8342;-0.454946;0.913269;0
-0.504018;-0.644127;-0.540575;-1.84605;-0.452274;0.89968;0
-0.518564;-0.61521;-0.542551;-1.85816;-0.45103;0.883773;0
-0.53275;-0.586549;-0.54437;-1.8705;-0.448586;0.867925;0
-0.546651;-0.558466;-0.545887;-1.88283;-0.445978;0.851384;0
-0.56023;-0.531159;-0.546751;-1.89542;-0.443949;0.835436;0
-0.573544;-0.504149;-0.547872;-1.90757;-0.439207;0.818037;0
-0.586669;-0.477894;-0.548177;-1.92006;-0.435933;0.801468;0
-0.599202;-0.452601;-0.548489;-1.93216;-0.432542;0.784418;0
-0.611553;-0.427586;-0.548536;-1.94438;-0.429316;0.765467;0
-0.623495;-0.403413;-0.548419;-1.95632;-0.425774;0.746378;0
-0.63494;-0.380424;-0.547996;-1.96787;-0.422385;0.727833;0
-0.646106;-0.358116;-0.547438;-1.97907;-0.418274;0.707341;0
-0.656702;-0.336278;-0.547181;-1.9901;-0.415923;0.68753;0
-0.666913;-0.3158;-0.546495;-2.00071;-0.414323;0.669911;0
-0.676973;-0.295525;-0.545749;-2.0112;-0.411408;0.649802;0
-0.686566;-0.275821;-0.545255;-2.02131;-0.40716;0.629299;0
-0.695772;-0.256925;-0.54474;-2.03101;-0.403169;0.60888;0
-0.704235;-0.238842;-0.544344;-2.04049;-0.400681;0.587107;0
-0.712;-0.2216;-0.54421;-2.04958;-0.397187;0.565299;0
-0.719265;-0.204904;-0.544421;-2.05816;-0.391546;0.541906;0
-0.726221;-0.188736;-0.54432;-2.06675;-0.385998;0.51695;0
-0.732292;-0.173455;-0.544896;-2.07473;-0.382802;0.492292;0
-0.738066;-0.158365;-0.545448;-2.08276;-0.380115;0.466337;0
-0.742753;-0.14389;-0.546748;-2.09038;-0.37744;0.437699;0
-0.746849;-0.130094;-0.548358;-2.09774;-0.376095;0.410828;0
-0.749862;-0.117034;-0.550568;-2.1048;-0.373828;0.382653;0
-0.752129;-0.104506;-0.553157;-2.11166;-0.371089;0.353552;0
-0.754558;-0.0916135;-0.555716;-2.11833;-0.365678;0.319336;0
-0.756383;-0.0792687;-0.558378;-2.12512;-0.361617;0.286812;0
-0.757468;-0.0668838;-0.561744;-2.13203;-0.358673;0.254046;0
-0.757787;-0.0548892;-0.565682;-2.13846;-0.350688;0.217945;0
-0.757918;-0.0426701;-0.569892;-2.14478;-0.346558;0.176976;0
-0.756843;-0.0306368;-0.575247;-2.15106;-0.340129;0.137234;0
-0.755352;-0.0186278;-0.580604;-2.15731;-0.332991;0.092226;0
-0.750193;-0.00714551;-0.589421;-2.16352;-0.334261;0.0489334;0
-0.747783;0.00580556;-0.595736;-2.17025;-0.335563;-0.00311007;0
-0.736078;0.00558864;-0.604356;-2.17321;-0.33559;0.0013688;0
-0.720291;0.0145952;-0.621039;-2.17938;-0.334531;-0.0399392;0
-0.728111;0.0282703;-0.617871;-2.18591;-0.329413;-0.0972113;0
-0.732159;0.043337;-0.618627;-2.19301;-0.339785;-0.16314;0
-0.737048;0.0620129;-0.620161;-2.19979;-0.352805;-0.243558;0
-0.740398;0.0789993;-0.623112;-2.20576;-0.377347;-0.314616;0
-0.735069;0.082606;-0.625349;-2.20581;-0.376637;-0.312305;0
-0.730526;0.0881435;-0.629473;-2.20838;-0.388726;-0.334887;0
-0.725452;0.0934158;-0.633365;-2.21046;-0.396054;-0.351712;0
-0.719678;0.0985152;-0.635564;-2.20914;-0.394916;-0.347884;0
-0.713491;0.103375;-0.637693;-2.20725;-0.39338;-0.341509;0
-0.708483;0.110395;-0.640338;-2.20626;-0.396565;-0.349026;0
-0.70218;0.116211;-0.642847;-2.20417;-0.39551;-0.345019;0
-0.695867;0.122626;-0.644831;-2.20065;-0.394942;-0.334596;0
