0
0.00040669
0.000781039
0.00109525
0.00134901
0.00158399
0.00183103
0.00200697
0.00219432
0.0023647
0.00248355
0.00261026
0.00272535
0.00281301
0.0028977
0.00295275
0.00299049
0.00299661
0.00299642
0.00304181
0.00305633
0.00305732
0.00301518
0.00306492
0.00303305
0.0030679
0.00305683
0.0030275
0.00305637
0.0030167
0.00298604
0.00293501
0.00289347
0.00290536
0.00287608
0.00280467
0.00281546
0.00280948
0.00279693
0.00279873
0.00274701
0.00274031
0.00271181
0.00268977
0.0026737
0.00268157
0.00263117
0.00266535
0.00261645
0.00261996
0.00260634
0.00257836
0.00252275
0.00252587
0.0025139
0.00247572
0.00246534
0.00242972
0.00241896
0.0023988
0.00237249
0.00238019
0.00235421
0.00233527
0.00232185
0.00231827
0.00227229
0.00227076
0.00226197
0.00226114
0.00226726
0.0022703
0.00225073
0.0022571
0.00225886
0.0022643
0.00226336
0.00225178
0.00224478
0.00224833
0.00226164
0.00229194
0.00230253
0.00231225
0.0022773
0.0022789
0.00228784
0.00229795
0.00229995
0.00228219
0.00227431
0.00227228
0.00228493
0.00229482
0.00230974
0.00232256
0.00233064
0.00233956
0.00233033
0.00234835
0.00234761
0.00236123
0.002379
0.0023905
0.00240803
0.00239026
0.00239514
0.00238095
0.00238574
0.00236385
0.00234565
0.00235838
0.00236147
0.00237239
0.00237734
0.00237083
0.00238265
0.00237929
0.00237991
0.00239518
0.002393
0.00239307
0.00240345
0.00239375
0.00241235
0.00241144
0.00240475
0.00243933
0.00245853
0.00246801
0.00248742
0.00249185
0.00252073
0.00255582
0.00256475
0.00259171
0.00259359
0.00260489
0.00259576
0.00263782
0.00264577
0.00270265
0.00274431
0.00277385
0.00280018
0.00283573
0.00284873
0.00289118
0.0029344
0.00296533
0.00297614
0.00302479
