0
0.425666
0.857293
1.28298
1.70961
2.13744
2.56537
2.99519
3.42588
3.85417
4.28144
4.70736
5.13408
5.56116
5.98445
6.40799
6.82955
7.24736
7.6627
8.07601
8.48765
8.89859
9.30512
9.70938
10.1107
10.5082
10.9001
11.2926
11.6812
12.0675
12.4502
12.8285
13.2021
13.5739
13.9434
14.308
14.6694
15.0272
15.3773
15.7254
16.0725
16.4139
16.7506
17.0817
17.4113
17.7368
18.0587
18.3722
18.6872
18.9944
19.2977
19.5977
19.8961
20.1872
20.4737
20.7573
21.0373
21.3141
21.585
21.8528
22.118
22.3776
22.6344
22.8855
23.1329
23.376
23.6163
23.8526
24.0864
24.3145
24.54
24.7624
24.9833
25.1981
25.4087
25.6167
25.8222
26.0223
26.2212
26.4154
26.6078
26.7943
26.9794
27.1613
27.3411
27.5167
27.6894
27.8585
28.0262
28.1905
28.354
28.5141
28.6726
28.8288
28.9846
29.1373
29.288
29.4367
29.5841
29.7287
29.8742
30.0173
30.1581
30.2992
30.4378
30.5783
30.7165
30.8555
30.9941
31.1293
31.2656
31.4012
31.5373
31.6719
31.8062
31.942
32.077
32.2129
32.3465
32.4814
32.6191
32.7553
32.8912
33.031
33.1693
33.3101
33.4525
33.595
33.7379
33.8832
34.0285
34.178
34.3244
34.4742
34.6254
34.7783
34.9378
35.0976
35.2585
35.419
35.5848
35.7511
35.9187
36.091
36.2668
36.4441
36.6251
36.8079
36.9942
37.1846
37.3772
37.5758
