1.99162;-0.737993;0.332574;-1.60026;0;2.70505;0
2.01212;-0.741368;0.318664;-1.60347;-0.0325159;2.69474;0
2.03625;-0.744331;0.308392;-1.61453;-0.0660812;2.68177;0
1.92268;-0.68954;0.183436;-1.43109;-0.0949978;3.35969;0
2.00182;-0.719086;0.222858;-1.5194;-0.140668;2.93898;0
2.09425;-0.773692;0.268929;-1.60397;-0.179258;2.75277;0
1.93665;-0.682434;0.112629;-1.38085;-0.200965;3.31047;0
1.97218;-0.704724;0.118114;-1.39944;-0.239629;3.35159;0
1.97922;-0.70346;0.0969723;-1.38683;-0.276835;3.31002;0
1.9342;-0.640626;0.037542;-1.34505;-0.322374;3.48664;0
2.03781;-0.692232;0.0927033;-1.45264;-0.374079;3.15372;0
2.02118;-0.709563;0.0636099;-1.38938;-0.399696;3.24211;0
1.92339;-0.661255;-0.0380915;-1.23792;-0.533208;3.62867;0
1.88045;-0.608381;-0.0906695;-1.19523;-0.557995;3.77934;0
1.8773;-0.612827;-0.107033;-1.17106;-0.587891;3.77218;0
1.90465;-0.609814;-0.112376;-1.19602;-0.636353;3.64304;0
1.88979;-0.603643;-0.147514;-1.15243;-0.57563;3.73269;0
1.81106;-0.555592;-0.215778;-1.05305;-0.690531;3.92935;0
1.92005;-0.60763;-0.158871;-1.16743;-0.673562;3.70504;0
1.91198;-0.605337;-0.175305;-1.14492;-0.780747;3.5934;0
1.91067;-0.607566;-0.193776;-1.12271;-0.819987;3.58303;0
1.75453;-0.489587;-0.315658;-0.962147;-0.904543;3.91682;0
1.76646;-0.486692;-0.345023;-0.948135;-0.861077;3.97436;0
1.8423;-0.553583;-0.284445;-1.01744;-0.993455;3.74778;0
1.79188;-0.480659;-0.34509;-0.979399;-0.994182;3.85269;0
1.75432;-0.484523;-0.380973;-0.901614;-1.01888;3.84525;0
1.6438;-0.420466;-0.466868;-0.769378;-1.00016;4.16131;0
1.6912;-0.41428;-0.445013;-0.844651;-1.12465;3.87922;0
1.60884;-0.348;-0.52418;-0.749146;-1.04134;4.13035;0
1.59315;-0.342473;-0.560187;-0.703447;-1.05317;4.11686;0
1.62034;-0.341219;-0.542531;-0.749319;-1.08518;4.01706;0
1.58955;-0.365674;-0.561209;-0.675156;-1.1593;4.01035;0
1.52605;-0.286312;-0.635346;-0.616931;-1.11048;4.1436;0
1.49388;-0.260325;-0.641973;-0.604147;-1.35697;4.06742;0
1.52669;-0.272587;-0.628176;-0.638647;-1.50819;3.98708;0
1.594;-0.342764;-0.575453;-0.688679;-1.60993;3.83703;0
1.47042;-0.228779;-0.706383;-0.547359;-1.218;4.13458;0
1.52491;-0.282645;-0.651486;-0.603351;-1.56089;3.99234;0
1.57179;-0.299416;-0.685698;-0.599406;-1.07531;4.0632;0
1.5438;-0.263291;-0.646677;-0.646825;-1.72024;3.84291;0
1.46086;-0.214734;-0.752972;-0.505214;-1.34089;4.01494;0
1.46011;-0.19492;-0.778951;-0.498519;-1.26889;3.95661;0
1.38884;-0.143284;-0.837418;-0.42009;-1.29423;4.08806;0
1.47768;-0.200557;-0.778116;-0.511367;-1.3721;3.90919;0
1.5577;-0.258501;-0.711994;-0.599571;-1.71656;3.6758;0
1.31956;-0.0489539;-0.937361;-0.34499;-1.29176;3.98977;0
1.38584;-0.109008;-0.868326;-0.420691;-1.64534;3.82425;0
1.51527;-0.206428;-0.800354;-0.520796;-1.5139;3.75439;0
1.31285;-0.0392878;-0.976878;-0.3085;-1.28561;3.91514;0
1.39433;-0.10099;-0.897011;-0.408245;-1.62127;3.73867;0
1.38512;-0.0970545;-0.894459;-0.405647;-1.67066;3.67897;0
1.35839;-0.0526037;-0.977917;-0.339446;-1.35829;3.79408;0
1.42465;-0.11666;-0.945239;-0.374741;-1.40553;3.73808;0
1.39881;-0.0892241;-0.956755;-0.364421;-1.55912;3.57498;0
1.39698;-0.0810209;-0.968294;-0.359349;-1.57765;3.51621;0
1.36315;-0.0319069;-1.04943;-0.29339;-1.38562;3.66407;0
1.3139;0.0260676;-1.04494;-0.306549;-1.76139;3.42034;0
1.26146;0.0600102;-1.12626;-0.206364;-1.45469;3.5939;0
1.2342;0.107427;-1.17632;-0.175997;-1.41456;3.58995;0
1.40956;-0.0859541;-0.975777;-0.359351;-1.89153;3.2445;0
1.29348;0.0520811;-1.14481;-0.211863;-1.52529;3.47579;0
1.46455;-0.104536;-1.04113;-0.330376;-1.52627;3.24285;0
1.30964;0.0491442;-1.19183;-0.177796;-1.43673;3.35525;0
1.34251;0.003412;-1.13535;-0.221601;-1.69069;3.20205;0
1.29733;0.056567;-1.16443;-0.200101;-1.73435;3.13068;0
1.2531;0.126698;-1.30627;-0.0842778;-1.20275;3.39248;0
1.30032;0.069885;-1.2575;-0.123532;-1.37343;3.26547;0
1.31403;0.0516277;-1.22001;-0.156143;-1.63942;3.05598;0
1.32878;0.05179;-1.28404;-0.107095;-1.341;3.12237;0
1.33899;0.0502088;-1.307;-0.0928867;-1.31963;3.08969;0
1.29113;0.0801467;-1.28567;-0.0959718;-1.51629;2.91897;0
1.40572;-0.0203724;-1.25267;-0.143174;-1.53231;2.74692;0
1.4089;-0.0321065;-1.24481;-0.142543;-1.54166;2.69313;0
1.38767;-0.0116724;-1.24827;-0.1377;-1.6677;2.51329;0
1.36573;0.0293891;-1.36866;-0.036384;-1.22512;2.7309;0
1.42509;-0.0548415;-1.29181;-0.0884182;-1.44141;2.52568;0
1.31553;0.0577352;-1.38355;0.000550734;-1.39058;2.61546;0
1.41276;-0.0526874;-1.32526;-0.0447051;-1.40308;2.44577;0
1.33455;0.0449371;-1.41654;0.0275774;-1.3243;2.45868;0
1.36829;-0.00254084;-1.40664;0.0315868;-1.32665;2.40844;0
1.39025;-0.0331909;-1.39485;0.0287385;-1.32854;2.22872;0
1.36539;-0.0164813;-1.44096;0.0833885;-1.26004;2.1993;0
1.4419;-0.0975697;-1.39573;0.0427565;-1.18433;2.00499;0
1.34418;0.0150642;-1.52287;0.155071;-1.02705;2.1829;0
1.42493;-0.0944774;-1.45085;0.111951;-1.11504;1.9027;0
1.31252;0.0463692;-1.5637;0.196796;-1.00614;2.00958;0
1.4059;-0.087854;-1.47043;0.144353;-1.09641;1.79833;0
1.39864;-0.0795269;-1.4943;0.167086;-0.981863;1.81141;0
1.37424;-0.073594;-1.50297;0.194907;-1.15593;1.62648;0
1.36144;-0.0706304;-1.52517;0.227046;-0.992131;1.72755;0
1.3836;-0.135043;-1.46287;0.207478;-1.22555;1.31269;0
1.44197;-0.212914;-1.4427;0.206982;-1.08105;1.18633;0
1.36305;-0.113107;-1.53632;0.279862;-0.969407;1.35519;0
1.33962;-0.108467;-1.57098;0.333785;-0.916795;1.27963;0
1.39969;-0.187297;-1.54852;0.330351;-0.799258;1.12972;0
1.4307;-0.266588;-1.47644;0.306663;-0.911784;0.931082;0
1.42223;-0.263532;-1.49687;0.332679;-0.828634;0.928152;0
1.37209;-0.219584;-1.54155;0.384209;-0.807461;0.85163;0
1.4151;-0.285098;-1.50803;0.37324;-0.76311;0.728172;0
1.3663;-0.272538;-1.49864;0.400574;-0.863546;0.572087;0
1.36855;-0.272944;-1.53521;0.435589;-0.755488;0.602323;0
1.30458;-0.224027;-1.55674;0.473141;-0.766179;0.501996;0
1.34683;-0.300474;-1.52291;0.473905;-0.802916;0.28612;0
1.34637;-0.319367;-1.5121;0.482516;-0.77498;0.293011;0
1.31954;-0.313996;-1.51771;0.510083;-0.736336;0.186421;0
1.31515;-0.32444;-1.52548;0.532845;-0.718351;0.179286;0
1.28123;-0.31347;-1.54513;0.576391;-0.664389;0.0175269;0
1.26884;-0.307941;-1.55337;0.591653;-0.630349;0.0279025;0
1.261;-0.304941;-1.57697;0.620989;-0.586649;-0.0856935;0
1.21821;-0.272527;-1.5813;0.635982;-0.602982;-0.10235;0
1.23684;-0.333806;-1.55861;0.6562;-0.566239;-0.275566;0
1.20462;-0.31717;-1.55638;0.670664;-0.61737;-0.37793;0
1.17946;-0.303502;-1.57902;0.705467;-0.559113;-0.415067;0
1.18637;-0.327989;-1.57344;0.717214;-0.513953;-0.409209;0
1.12323;-0.267629;-1.5937;0.741152;-0.54654;-0.465965;0
1.13284;-0.296706;-1.60688;0.774415;-0.483483;-0.522438;0
1.10553;-0.273185;-1.58867;0.760814;-0.518895;-0.638014;0
1.0715;-0.246225;-1.63311;0.813373;-0.467374;-0.707743;0
1.06577;-0.272424;-1.60288;0.814749;-0.514356;-0.74238;0
0.995285;-0.167506;-1.68129;0.861279;-0.471213;-0.844254;0
0.999894;-0.205976;-1.65691;0.870627;-0.485606;-0.916038;0
0.916197;-0.0776793;-1.74843;0.9203;-0.424395;-1.01151;0
0.953772;-0.168584;-1.68983;0.913833;-0.447348;-1.02962;0
0.968394;-0.189316;-1.67236;0.903043;-0.480657;-1.10057;0
0.936332;-0.170768;-1.66465;0.909665;-0.459025;-1.17922;0
0.849808;-0.0483418;-1.75097;0.962578;-0.478491;-1.28063;0
0.892643;-0.123495;-1.7026;0.944324;-0.469354;-1.19311;0
0.840501;-0.0700427;-1.74614;0.989475;-0.363284;-1.37999;0
0.838923;-0.0796281;-1.74925;1.00421;-0.36766;-1.44304;0
0.801673;-0.0155775;-1.77251;1.00141;-0.396765;-1.47256;0
0.847245;-0.101064;-1.70876;0.976651;-0.451051;-1.46909;0
0.781701;-0.014965;-1.77886;1.02891;-0.448673;-1.62904;0
0.727509;0.0818355;-1.82464;1.03369;-0.412428;-1.67001;0
0.756909;-0.0279263;-1.74533;1.0334;-0.495131;-1.76046;0
0.739675;0.00243942;-1.78596;1.06203;-0.449388;-1.78993;0
0.635759;0.202566;-1.9251;1.11049;-0.401478;-1.9529;0
0.652695;0.182699;-1.87569;1.06464;-0.459722;-2.13808;0
0.742784;0.017726;-1.78038;1.04239;-0.463122;-2.16872;0
0.633384;0.198219;-1.94574;1.14041;-0.283186;-2.21098;0
0.665911;0.160669;-1.87377;1.07226;-0.298836;-2.25893;0
0.547649;0.324867;-1.96678;1.12417;-0.347781;-2.39862;0
0.598708;0.243181;-1.92446;1.11479;-0.258024;-2.59693;0
0.568502;0.356846;-2.05556;1.16392;-0.269596;-2.60883;0
0.541486;0.378646;-2.01199;1.12834;-0.415086;-2.75036;0
0.528225;0.392115;-1.98273;1.09682;-0.331893;-2.73861;0
0.541643;0.431499;-2.08293;1.14899;-0.0595352;-2.84695;0
0.636207;0.202825;-1.85572;1.05005;-0.470534;-2.87219;0
0.564668;0.36475;-2.01111;1.12254;-0.298112;-3.07224;0
0.59482;0.358521;-2.01059;1.0997;-0.262729;-3.20892;0
0.556016;0.417389;-2.01474;1.08345;-0.112614;-3.24416;0
0.594409;0.31386;-1.94784;1.08413;-0.342473;-3.44315;0
0.569328;0.362139;-1.95248;1.06585;-0.443687;-3.4565;0
