0.309466;0.342956;0.282374
0.275205;0.345;0.283559
0.243827;0.34669;0.28454
0.21688;0.347718;0.285137
0.195136;0.348211;0.285424
0.178241;0.348238;0.28544
0.165233;0.34777;0.285167
0.154937;0.346975;0.284705
0.146774;0.345831;0.284041
0.140178;0.344386;0.283203
0.134966;0.34263;0.282185
0.130806;0.340614;0.281019
0.127547;0.338429;0.279756
0.125286;0.335999;0.278355
0.123856;0.333341;0.276825
0.123327;0.33045;0.275165
0.123606;0.327438;0.273439
0.124578;0.324381;0.271691
0.126471;0.3212;0.269878
0.129006;0.318048;0.268086
0.132382;0.314857;0.266276
0.136385;0.311717;0.2645
0.140997;0.308752;0.262828
0.146256;0.305918;0.261234
0.152134;0.303101;0.259653
0.157994;0.300632;0.258271
0.164259;0.298339;0.25699
0.170436;0.296316;0.255863
0.176633;0.294418;0.254807
0.182543;0.29273;0.253869
0.188347;0.291196;0.253018
0.193802;0.289751;0.252218
0.198996;0.28841;0.251477
0.203896;0.287033;0.250717
0.208658;0.285611;0.249932
0.212978;0.284185;0.249148
0.217143;0.282672;0.248316
0.220976;0.281114;0.24746
0.224669;0.279489;0.24657
0.228203;0.277764;0.245627
0.23144;0.27603;0.24468
0.234577;0.274233;0.243701
0.237509;0.272393;0.2427
0.240313;0.270513;0.24168
0.243074;0.268593;0.24064
0.24563;0.266715;0.239625
0.248074;0.264831;0.238609
0.250434;0.262979;0.237612
0.252736;0.261142;0.236626
0.254832;0.259391;0.235687
0.256885;0.257669;0.234766
0.258806;0.256035;0.233894
0.260637;0.254481;0.233067
0.262395;0.253005;0.232282
0.264077;0.25163;0.231552
0.265617;0.250354;0.230876
0.267131;0.249173;0.230251
0.268538;0.248098;0.229683
0.269906;0.247137;0.229176
0.271227;0.246264;0.228716
0.27245;0.245515;0.228322
0.273603;0.244878;0.227987
0.274672;0.244367;0.227718
0.275692;0.243949;0.227499
0.276703;0.243638;0.227335
0.277621;0.243451;0.227237
0.278451;0.243382;0.227201
0.279263;0.24341;0.227216
0.280053;0.243549;0.227289
0.280755;0.243801;0.227421
0.281446;0.244147;0.227603
0.282114;0.244597;0.227839
0.282721;0.24515;0.22813
0.283265;0.245806;0.228475
0.283774;0.246565;0.228875
0.284277;0.247415;0.229323
0.284799;0.248361;0.229822
0.285255;0.249409;0.230376
0.285661;0.250543;0.230976
0.286055;0.251765;0.231623
0.286427;0.25309;0.232327
0.286782;0.254497;0.233075
0.287118;0.255999;0.233875
0.287393;0.257568;0.234712
0.287655;0.259224;0.235598
0.287936;0.260966;0.236531
0.288228;0.262801;0.237516
0.288456;0.264699;0.238537
0.288618;0.266658;0.239594
0.288812;0.26869;0.240692
0.289072;0.270814;0.241843
0.289283;0.272986;0.243022
0.289474;0.275214;0.244235
0.289625;0.27749;0.245477
0.289708;0.279783;0.246731
0.289862;0.28214;0.248023
0.289956;0.284514;0.249329
0.290117;0.286939;0.250665
0.290242;0.289366;0.252005
0.290344;0.29181;0.253359
0.290435;0.294251;0.254714
0.290533;0.296698;0.256075
0.290631;0.299138;0.257436
0.290718;0.301569;0.258795
0.290801;0.303987;0.260149
0.290855;0.30637;0.261488
0.290933;0.308735;0.262818
0.290999;0.311069;0.264134
0.291032;0.313363;0.265431
0.291102;0.31564;0.26672
0.291144;0.31787;0.267985
0.291228;0.320069;0.269234
0.291251;0.322213;0.270455
0.291308;0.324329;0.271662
0.291401;0.326413;0.272852
0.291441;0.328443;0.274014
0.291482;0.330436;0.275156
0.268958;0.329068;0.274373
0.249456;0.327953;0.273734
0.233433;0.326967;0.27317
0.220946;0.325982;0.272606
0.21186;0.324832;0.271949
0.205979;0.323309;0.27108
0.202457;0.321471;0.270032
0.200865;0.319251;0.268769
0.200817;0.316753;0.26735
0.201939;0.314088;0.265841
0.204088;0.311213;0.264216
0.20663;0.308245;0.262542
0.209737;0.305234;0.260849
0.213328;0.302158;0.259125
0.216774;0.299338;0.257548
0.220531;0.29652;0.255976
0.224217;0.293863;0.254498
0.227813;0.291346;0.253102
0.231534;0.289;0.251803
0.235148;0.286787;0.250581
0.23859;0.284788;0.249479
0.24205;0.282908;0.248445
0.245331;0.281394;0.247614
0.248488;0.2799;0.246795
0.25144;0.278663;0.246118
0.254312;0.277565;0.245518
0.257217;0.27654;0.244958
0.259927;0.275755;0.24453
0.262441;0.275264;0.244262
0.265034;0.274726;0.243969
0.267432;0.274328;0.243752
0.269777;0.274046;0.243599
0.271846;0.273954;0.243549
0.274051;0.273749;0.243437
0.276042;0.273792;0.243461
0.277965;0.273855;0.243495
0.279841;0.27392;0.24353
0.281642;0.27403;0.24359
0.283339;0.274285;0.243729
0.284947;0.274547;0.243872
0.286619;0.274765;0.243991
0.288096;0.275089;0.244167
0.289471;0.275487;0.244384
0.290831;0.27591;0.244614
0.29217;0.276281;0.244817
0.293461;0.276761;0.245079
0.294623;0.277236;0.245338
0.29577;0.277638;0.245558
0.296817;0.278161;0.245843
0.297942;0.278583;0.246074
0.298896;0.27914;0.246379
0.299898;0.27961;0.246637
0.300796;0.280067;0.246887
0.301688;0.280507;0.247128
0.302473;0.281115;0.247461
0.30322;0.281661;0.247761
0.303986;0.282167;0.248039
0.304741;0.282685;0.248323
0.305378;0.283266;0.248642
0.305984;0.283852;0.248965
0.306526;0.284456;0.249297
0.307045;0.285079;0.249639
0.307579;0.285626;0.249941
0.30808;0.286165;0.250238
0.308519;0.286767;0.25057
0.308973;0.287311;0.25087
0.309427;0.287794;0.251137
0.309854;0.288294;0.251413
0.273239;0.302694;0.259425
0.239028;0.314854;0.266274
0.209888;0.324044;0.271499
0.186835;0.330823;0.275379
0.169476;0.335639;0.278148
0.156278;0.339234;0.280221
0.146476;0.341995;0.281818
0.139365;0.344105;0.28304
0.134661;0.345786;0.284015
0.132221;0.347171;0.284819
0.13195;0.348323;0.285489
0.133684;0.349327;0.286073
0.13742;0.350279;0.286627
0.142915;0.351199;0.287163
0.149852;0.352297;0.287803
0.158232;0.353436;0.288468
0.167398;0.354822;0.289277
0.177083;0.356329;0.290158
0.186804;0.358079;0.291182
0.196321;0.359972;0.292291
0.20529;0.361974;0.293465
0.213823;0.364022;0.294668
0.221715;0.366132;0.29591
0.229044;0.368224;0.297142
0.236053;0.370218;0.298318
0.242615;0.372204;0.299491
0.248896;0.374098;0.300611
0.254899;0.375926;0.301693
0.260651;0.377636;0.302707
0.266173;0.379285;0.303686
0.27149;0.38085;0.304615
0.276613;0.382353;0.305509
0.281588;0.383783;0.30636
0.286357;0.385172;0.307186
0.290988;0.386515;0.307987
0.295448;0.387806;0.308757
0.299749;0.389052;0.3095
0.303914;0.390255;0.310219
0.307921;0.391425;0.310919
0.311791;0.39256;0.311598
0.315518;0.393671;0.312263
0.319105;0.394752;0.31291
0.32256;0.395808;0.313543
0.325887;0.396839;0.314161
0.329093;0.397839;0.314761
0.332168;0.398823;0.315352
0.335126;0.39978;0.315927
0.337966;0.400717;0.31649
0.340687;0.401637;0.317043
0.343304;0.402539;0.317586
0.345821;0.403426;0.318119
0.348212;0.404294;0.318642
0.350523;0.405146;0.319155
0.352732;0.40598;0.319658
0.354847;0.4068;0.320153
0.356868;0.407606;0.320639
0.358789;0.408396;0.321116
0.360628;0.409173;0.321585
0.362396;0.409939;0.322047
0.364082;0.41069;0.322501
0.365695;0.411429;0.322948
0.367239;0.412156;0.323387
0.368706;0.412871;0.32382
0.370114;0.413575;0.324246
0.371455;0.414268;0.324665
0.372732;0.414949;0.325078
0.373948;0.415619;0.325484
0.375107;0.41628;0.325884
0.376216;0.416933;0.32628
0.377273;0.417574;0.326669
0.378284;0.418206;0.327053
0.379249;0.418831;0.327432
0.380162;0.419447;0.327805
0.381032;0.420052;0.328173
0.362447;0.421494;0.329049
0.348688;0.422267;0.329518
0.339462;0.42248;0.329648
0.334539;0.422392;0.329595
0.33319;0.42213;0.329436
0.33507;0.421671;0.329157
0.339005;0.421172;0.328853
0.344763;0.420659;0.328541
0.351404;0.420118;0.328213
0.358129;0.419587;0.32789
0.364213;0.418993;0.32753
0.369636;0.4183;0.327109
0.374596;0.417525;0.326639
0.379469;0.416652;0.32611
0.38451;0.415631;0.325491
0.390286;0.41438;0.324734
0.396908;0.412848;0.323806
0.404532;0.411009;0.322694
0.413144;0.409003;0.321482
0.422815;0.406788;0.320145
0.433214;0.404344;0.318672
0.44408;0.401731;0.3171
0.45541;0.398912;0.315405
0.467121;0.395892;0.313593
0.478602;0.392919;0.311813
0.490377;0.380694;0.304523
0.501715;0.377532;0.302645
0.512826;0.374275;0.300716
0.523654;0.371165;0.298877
0.533845;0.368268;0.297168
0.54353;0.365735;0.295676
0.552651;0.363643;0.294445
0.56105;0.357274;0.290711
0.568695;0.356445;0.290225
0.575812;0.356346;0.290168
0.582466;0.357179;0.290655
0.588554;0.353595;0.288561
0.594321;0.356143;0.290049
0.600027;0.353482;0.288495
0.605618;0.351437;0.287302
0.611576;0.356727;0.29039
0.617803;0.355542;0.289697
0.624185;0.35521;0.289504
0.630885;0.355772;0.289832
0.638032;0.357209;0.290673
0.645228;0.359023;0.291734
0.652243;0.360829;0.292793
0.659279;0.362856;0.293983
0.666352;0.36512;0.295314
0.673212;0.36721;0.296544
0.679724;0.368974;0.297584
0.686059;0.370643;0.298569
0.692204;0.37204;0.299394
0.697943;0.373167;0.30006
0.703659;0.374346;0.300758
0.709148;0.375378;0.301369
0.714422;0.376286;0.301907
0.719456;0.377054;0.302362
0.724248;0.377669;0.302727
0.728747;0.37813;0.303
0.733222;0.378675;0.303324
0.737407;0.379057;0.30355
0.741483;0.379453;0.303785
0.745362;0.379774;0.303976
0.748901;0.379902;0.304052
0.752388;0.380078;0.304157
0.755826;0.380306;0.304292
0.758969;0.380393;0.304343
0.7621;0.380546;0.304434
0.765034;0.380652;0.304497
0.767784;0.380694;0.304522
0.770397;0.380711;0.304533
0.772952;0.38076;0.304561
0.775378;0.380783;0.304575
0.777648;0.380764;0.304564
0.779879;0.380793;0.304581
0.781942;0.380753;0.304557
0.78401;0.380778;0.304572
0.785966;0.380784;0.304576
0.787856;0.380809;0.304591
0.789658;0.380828;0.304602
0.791326;0.380798;0.304584
0.792891;0.380747;0.304554
0.794433;0.380731;0.304544
0.795904;0.380701;0.304526
