0.759975
0.724968
0.692791
0.664823
0.64187
0.623517
0.608715
0.596313
0.585654
0.57613
0.567505
0.559387
0.551589
0.544098
0.536685
0.5293
0.521854
0.514142
0.506287
0.498046
0.489533
0.480584
0.471135
0.4614
0.451249
0.440492
0.429445
0.418018
0.406171
0.393883
0.38154
0.368949
0.356394
0.343717
0.331109
0.318644
0.3063
0.294131
0.28237
0.270904
0.259633
0.2488
0.238223
0.227964
0.218153
0.208687
0.199592
0.190903
0.18258
0.174604
0.166876
0.159535
0.152531
0.145805
0.139448
0.13334
0.127492
0.121917
0.116644
0.111589
0.106761
0.102212
0.0978993
0.0937762
0.0898771
0.0861725
0.0826181
0.0792684
0.076124
0.0731411
0.0702999
0.0676127
0.0650689
0.0626736
0.0604275
0.0583033
0.0563218
0.0544594
0.052644
0.0509281
0.0494232
0.0479568
0.0466273
0.0453228
0.0441313
0.0430209
0.0419687
0.0409961
0.0400562
0.0391984
0.0384193
0.0377025
0.0370243
0.0363767
0.0357713
0.0352542
0.0347053
0.034272
0.0338485
0.0334241
0.0330511
0.0327242
0.0324242
0.0321409
0.0318636
0.0316173
0.0313958
0.0311961
0.0309791
0.0308043
0.0306365
0.0305134
0.0303637
0.0302488
0.0301708
0.0300664
0.626904
0.597573
0.570529
0.546016
0.524038
0.504167
0.486024
0.469066
0.452808
0.437102
0.421763
0.406786
0.391863
0.377226
0.362862
0.348727
0.334799
0.321141
0.307776
0.294834
0.282249
0.270011
0.258129
0.246838
0.235766
0.225106
0.214783
0.204889
0.195318
0.186356
0.177751
0.16947
0.161523
0.153929
0.146669
0.139763
0.133161
0.126823
0.120781
0.115029
0.109545
0.104354
0.0993714
0.0945731
0.0901345
0.0858842
0.0818397
0.0779595
0.0742306
0.0706793
0.0673674
0.0641937
0.0611982
0.0582902
0.0555513
0.0529366
0.0504893
0.0481722
0.0459999
0.0439007
0.0419244
0.0400385
0.0382538
0.0365423
0.0349659
0.0334684
0.0320731
0.0307599
0.878713
0.840119
0.803707
0.771708
0.744905
0.722665
0.703422
0.686121
0.669902
0.654217
0.638752
0.623179
0.607226
0.59081
0.573762
0.555998
0.537643
0.518666
0.499193
0.479397
0.459444
0.439395
0.419617
0.400146
0.381063
0.362652
0.344861
0.327797
0.311502
0.29587
0.280994
0.26684
0.253383
0.240575
0.228369
0.21683
0.205861
0.19546
0.185586
0.176217
0.167328
0.158894
0.150881
0.143287
0.136079
0.129239
0.122753
0.116601
0.110749
0.105205
0.0999197
0.0948995
0.0901465
0.0856406
0.0813521
0.0772721
0.0733937
0.0697269
0.06624
0.0629125
0.0597647
0.0567729
0.0539202
0.0512152
0.04865
0.0462106
0.0438966
0.0416987
0.0396058
0.0376185
0.0357316
0.0339323
0.032222
0.0306001
1.01742
0.968807
0.922581
0.878607
0.836819
0.797131
0.759411
0.724298
0.691565
0.661397
0.633972
0.609294
0.586762
0.565944
0.54629
0.527607
0.50942
0.491748
0.474372
0.457513
0.440855
0.424552
0.408728
0.393144
0.378025
0.363722
0.349756
0.336568
0.323934
0.311921
0.300763
0.290396
0.28077
0.272067
0.264176
0.25687
0.250159
0.244086
0.238264
0.232614
0.227044
0.220975
0.214668
0.208078
0.201096
0.193672
0.186155
0.178841
0.171512
0.164122
0.156979
0.150184
0.143586
0.13724
0.131291
0.125394
0.11974
0.114296
0.109119
0.104217
0.099593
0.094998
0.0907136
0.0865377
0.0825784
0.078962
0.0754025
0.0718938
0.0686853
0.0655084
0.0625188
0.0597153
0.0570621
0.0544608
0.0519994
0.0497044
0.0474398
0.0453469
0.0432602
0.0412819
0.0393664
0.0375415
0.0358545
0.0342635
0.0327009
0.0312127
