0
3.35287
6.47087
9.34729
11.8904
14.1459
16.2142
18.1729
20.0726
21.9618
23.8411
25.7665
27.7326
29.7429
31.789
33.9348
36.0539
38.3474
40.7123
43.0977
45.57
47.9406
50.4783
52.9982
55.5117
57.8371
60.2831
62.637
64.9208
67.1796
69.3697
71.4785
73.4495
75.3853
77.2526
78.9216
80.6397
82.2823
83.7765
85.2448
86.6755
88.0164
89.31
90.5546
91.7264
92.845
93.9079
94.8989
95.8521
96.72
97.5842
98.4051
99.1855
99.9328
100.627
101.243
101.882
102.471
103.012
103.556
104.064
104.551
104.997
105.424
105.832
106.223
106.595
106.942
107.269
107.571
107.864
108.139
108.395
108.626
108.841
109.045
109.229
109.398
109.56
109.704
109.827
109.943
110.041
110.125
110.194
110.252
110.302
110.339
110.366
110.378
110.377
110.359
110.335
110.304
110.259
110.204
110.145
110.067
109.975
109.883
109.782
109.679
109.559
109.44
109.316
109.183
109.053
108.912
108.763
108.615
108.462
108.303
108.144
107.983
107.822
107.659
107.497
107.233
106.796
106.2
105.452
104.559
103.585
102.47
101.269
99.9709
98.5865
97.136
95.6477
94.1246
92.5851
91.0132
89.483
87.925
86.3719
84.8236
83.3057
81.826
80.3853
78.9706
77.6242
76.3122
75.0399
73.8244
72.6484
71.507
70.4192
69.3677
68.376
67.4091
66.5101
65.6209
64.8083
64.0085
63.2512
62.5154
61.8192
61.1707
60.5323
59.9123
59.3262
58.7787
58.2509
57.7426
57.2685
56.7943
56.365
55.9343
55.5357
55.201
54.8438
54.4826
54.1467
53.8315
53.5258
53.2273
52.9394
52.6542
52.3855
52.1293
51.8926
51.6911
51.4776
51.2769
51.0806
47.2293
43.7327
41.0285
38.632
36.7084
35.0968
33.7074
32.4668
31.3295
30.2781
29.2793
28.3294
27.4114
26.4891
25.5568
24.6143
23.6545
22.6535
21.6231
20.5419
19.4098
18.2688
17.1137
15.9582
14.8479
13.7865
12.7894
11.8741
11.0325
10.2894
9.64936
9.11585
8.68944
8.36631
8.15714
8.03991
8.01131
8.06098
8.16967
8.33098
8.53016
8.75885
9.0061
9.26677
9.53335
9.80243
10.0691
10.3308
10.5855
10.8343
11.0732
11.3024
11.5212
11.7294
11.9285
12.1161
12.2903
12.4546
12.6104
12.7557
12.8913
13.0184
13.1355
13.2438
13.3437
13.4351
13.5191
13.5961
13.6653
13.7286
13.7859
13.8368
13.8815
13.9207
16.8141
20.6218
24.859
29.2906
33.7973
38.3531
42.7912
47.1291
51.2943
55.1801
58.7313
62.0335
65.1096
68.0346
70.7886
73.4281
75.893
78.2282
80.726
83.041
85.2202
87.2372
89.1352
90.8349
92.3728
94.219
95.4564
96.5882
97.5924
98.4716
99.1979
99.8252
100.571
100.996
101.331
101.556
101.942
102.08
102.386
102.667
102.702
103.001
103.324
103.616
103.844
104.108
104.353
104.554
104.744
104.873
105.039
105.203
105.321
105.424
105.487
105.557
105.642
105.676
105.716
105.762
105.796
105.834
105.851
105.865
105.865
105.864
105.849
105.839
105.806
105.779
105.758
105.723
105.693
105.651
105.605
105.564
105.517
105.453
105.397
105.348
105.292
105.234
105.19
105.137
105.082
