0
0.000245751
0.000531164
0.000731991
0.000968137
0.00118119
0.00152185
0.00165536
0.00172511
0.00187912
0.00206134
0.00218093
0.00229529
0.00243026
0.00245978
0.00254458
0.00259706
0.00287488
0.00321657
0.00337905
0.00339676
0.00364597
0.00374717
0.0039588
0.00384185
0.00392396
0.00413579
0.00416877
0.00445365
0.00452408
0.00469759
0.00492441
0.00494194
0.00511913
0.00522481
0.00531791
0.00552222
0.005975
0.00601781
0.0062527
0.00657625
0.00648749
0.00638367
0.00620582
0.00618313
0.00644262
0.00635446
0.00635514
0.0065769
0.00636076
0.00627334
0.00622288
0.00614855
0.00631587
0.00621827
0.00608298
0.00604006
0.00596419
0.00601915
0.00597255
0.00616267
0.00615554
0.00622054
0.00622965
0.00616407
0.00612935
0.00614502
0.00614649
0.00613862
0.00611486
0.00607459
0.00603889
0.00613132
0.00613759
0.00619857
0.00619748
0.00622173
0.00629448
0.00627081
0.00626258
0.00635303
0.00642746
0.006584
0.0065683
0.00659486
0.00669191
0.00680405
0.00683342
0.00683818
0.00701032
0.0072062
0.00733098
0.00740761
0.00750137
0.00742931
0.0076296
0.00767266
0.00774834
0.00782617
0.00796644
0.00805213
0.0081652
0.00826307
0.0083139
0.00848446
0.00858764
0.00855673
0.00884429
0.00905047
0.00925052
0.00930781
0.00941532
0.00951871
0.00972786
0.00996042
0.010018
0.0100281
0.0102784
0.0103241
0.0104857
0.0106833
0.0109251
0.0112269
0.0114722
0.0117152
0.0121198
0.0124271
0.0127614
0.0129735
0.0131413
0.0133034
0.013562
0.0136253
0.0138903
0.0142018
0.0145563
0.0146887
0.0148713
0.0148785
0.0151389
0.0155512
0.0157022
0.0161162
0.0158015
0.0162065
0.0161873
0.0163912
0.0166891
0.0170089
0.0170801
0.0172939
0.0173921
