0
0.00484252
0.0152709
0.0322084
0.0491543
0.0677221
0.0847318
0.10413
0.129856
0.145703
0.167849
0.183157
0.20148
0.220732
0.238887
0.258702
0.281385
0.295217
0.307529
0.322748
0.340092
0.348592
0.363424
0.379467
0.399719
0.415827
0.430728
0.442654
0.457419
0.471478
0.489623
0.508022
0.526948
0.552289
0.578218
0.613416
0.657647
0.666624
0.663692
0.719162
0.786237
0.83952
0.8437
0.85297
0.854277
0.856656
0.861474
0.867309
0.875893
0.879815
0.892027
0.896674
0.90573
0.909503
0.922055
0.93256
0.943884
0.963359
0.981323
0.990327
1.03698
1.05339
1.08325
1.07457
1.08528
1.09744
1.11029
1.12121
1.1311
1.13097
1.14495
1.15639
1.15591
1.15323
1.15298
1.16126
1.169
1.17373
1.18
1.18717
1.19008
1.19221
1.19865
1.2093
1.21237
1.20763
1.20159
1.19347
1.20484
1.20282
1.20809
1.21038
1.20101
1.19697
1.19163
1.19344
1.19483
1.19309
1.19467
1.19859
1.19889
1.19761
1.20164
1.20335
1.20556
1.20732
1.2144
1.21862
1.22318
1.23015
1.23476
1.24006
1.24414
1.24978
1.25528
1.26055
1.26642
1.27201
1.27876
1.28463
1.29084
1.29646
1.30307
1.31127
1.31971
1.32893
1.33737
1.34546
1.35687
1.3686
1.37883
1.38918
1.39945
1.41003
1.42058
1.43174
1.44408
1.45581
1.46959
1.48394
1.49821
1.50966
1.52457
1.53715
1.55088
1.56569
1.58282
1.59732
1.61381
1.62952
1.6482
1.66497
