0
0.000180143
0.000475988
0.000823894
0.0011733
0.00141892
0.00127233
0.00151936
0.00173154
0.00191091
0.00204307
0.00215398
0.00236569
0.00254618
0.00266057
0.00273639
0.00281112
0.0027224
0.00273512
0.00283644
0.00295491
0.00291471
0.00301126
0.00300052
0.00298278
0.00311811
0.00314278
0.00349512
0.00351598
0.00342525
0.00343262
0.00336574
0.00334622
0.00366188
0.00364851
0.00365997
0.00372082
0.00367137
0.00369401
0.00391366
0.00392884
0.00397185
0.00397339
0.00389112
0.00382282
0.00427724
0.00426736
0.00426373
0.00446906
0.00441764
0.00448442
0.00497913
0.00493608
0.00484655
0.00474419
0.00471189
0.00467961
0.005733
0.00555119
0.0053706
0.00521648
0.0050684
0.00492621
0.00487522
0.0047805
0.0046791
0.00456082
0.00444761
0.00436531
0.0041973
0.00411965
0.00407087
0.004008
0.00396194
0.00393619
0.00398838
0.00391804
0.00393031
0.00387014
0.00384936
0.00381117
0.00407868
0.00402465
0.00398566
0.00396399
0.0039289
0.00391367
0.0038517
0.0039046
0.00392959
0.00399099
0.00402195
0.00408878
0.0040715
0.00411401
0.00415058
0.00421487
0.00428958
0.0043558
0.00447736
0.00457768
0.00463353
0.00475438
0.00488598
0.00501154
0.00518793
0.00531306
0.00547233
0.00561583
0.00583092
0.00595533
0.00617867
0.00644323
0.00670849
0.00700464
0.00707311
0.00724517
0.00745485
0.00755282
0.00766947
0.00764323
0.007858
0.00798656
0.00802203
0.0080487
0.00817608
0.00824261
0.00838237
0.00848985
0.00866364
0.00873812
0.00882986
0.00892925
0.0090663
0.00909855
0.00919823
0.009233
0.00929919
0.00936518
0.00939946
0.00940781
0.00938775
0.00937045
0.00937603
0.00943715
0.00944616
0.00939487
0.00940897
0.0094344
0.00951491
0.00946496
0.00942136
