0
0.00495076
0.0158269
0.0268073
0.0379024
0.0498292
0.0669472
0.0790148
0.0916479
0.104652
0.118868
0.132588
0.156576
0.170776
0.184717
0.199851
0.214036
0.242833
0.25722
0.272077
0.287307
0.302768
0.329876
0.34398
0.359014
0.374421
0.389238
0.415231
0.431071
0.447608
0.46273
0.477586
0.494135
0.519786
0.534371
0.550161
0.564103
0.57959
0.594354
0.617853
0.633045
0.647949
0.661568
0.678767
0.693592
0.715557
0.732116
0.746709
0.760189
0.775416
0.792337
0.827051
0.845048
0.863983
0.879289
0.900162
0.912759
0.946878
0.954188
0.967687
0.981832
1.00077
1.01519
1.05219
1.06965
1.08142
1.09338
1.10737
1.1177
1.13928
1.14974
1.15976
1.17027
1.18043
1.19605
1.1926
1.20105
1.21474
1.22271
1.24421
1.25814
1.32109
1.32582
1.33113
1.34342
1.34722
1.35726
1.36865
1.36994
1.38999
1.38855
1.40677
1.42474
1.45306
1.45276
1.45955
1.47492
1.48165
1.47791
1.48142
1.4781
1.47394
1.47503
1.4834
1.48945
1.49378
1.49685
1.50181
1.50817
1.51757
1.5245
1.54401
1.55932
1.58143
1.62709
1.67516
1.69904
1.73426
1.77113
1.80132
1.83089
1.85557
1.88304
1.91075
1.93592
1.96341
1.98933
2.01585
2.04038
2.06706
2.09156
2.11616
2.14219
2.167
2.19237
2.21645
2.2421
2.26739
2.29335
2.31896
2.34514
2.37193
2.39741
2.42369
2.44959
2.47544
2.50175
2.52762
2.55469
2.58124
2.60806
2.63682
