0;-1.5708;0;-1.5708;0;0;0
-0.00135615;-1.5745;-0.00800174;-1.56405;0;0.103002;0
0.007926;-1.57792;-0.00696177;-1.57101;-0.00152286;0.121207;0
0.0170372;-1.58125;-0.00619404;-1.57763;-0.0033222;0.140384;0
0.0259832;-1.58444;-0.00568376;-1.58397;-0.00540155;0.160217;0
0.0350993;-1.58766;-0.00513878;-1.59048;-0.00814145;0.180158;0
0.031936;-1.5889;-0.0143779;-1.58201;-0.0232489;0.279832;0
0.0402694;-1.59157;-0.0144917;-1.58763;-0.0269139;0.301369;0
0.0485068;-1.59409;-0.0147533;-1.59315;-0.0312415;0.323201;0
0.0567617;-1.59664;-0.0150781;-1.5986;-0.0359224;0.345231;0
0.0649706;-1.5992;-0.015463;-1.60394;-0.0418596;0.367736;0
0.0729965;-1.60158;-0.0160871;-1.60903;-0.0474836;0.391023;0
0.0668312;-1.59918;-0.0262727;-1.59891;-0.0738029;0.480522;0
0.0736693;-1.60062;-0.0276317;-1.60302;-0.0810963;0.505237;0
0.0806043;-1.60214;-0.0289742;-1.60716;-0.0880358;0.530299;0
0.0874848;-1.6036;-0.0303292;-1.61129;-0.0962212;0.55534;0
0.0942121;-1.60486;-0.0319278;-1.61523;-0.103612;0.58065;0
0.0857233;-1.59981;-0.0422265;-1.60516;-0.137235;0.66847;0
0.091866;-1.60048;-0.0440785;-1.60884;-0.145412;0.694543;0
0.0974993;-1.60079;-0.0462764;-1.61204;-0.154569;0.721077;0
0.102755;-1.60073;-0.0487427;-1.61495;-0.164478;0.748129;0
0.108561;-1.60107;-0.0508387;-1.61839;-0.174066;0.774912;0
0.0974246;-1.59243;-0.0620252;-1.60801;-0.209007;0.85941;0
0.102371;-1.59177;-0.064766;-1.61094;-0.218099;0.887282;0
0.107259;-1.59105;-0.0675229;-1.61386;-0.22818;0.915161;0
0.111246;-1.58956;-0.070818;-1.6161;-0.239536;0.943621;0
0.115405;-1.58802;-0.0741502;-1.61853;-0.250129;0.972461;0
0.102232;-1.57605;-0.0859891;-1.60852;-0.286259;1.05421;0
0.106069;-1.57396;-0.0894566;-1.61105;-0.298197;1.08328;0
0.110194;-1.57196;-0.0927184;-1.61398;-0.310543;1.11225;0
0.113432;-1.56887;-0.0968776;-1.61621;-0.322363;1.14218;0
0.11705;-1.56604;-0.100912;-1.61869;-0.333536;1.17233;0
0.120352;-1.56289;-0.104971;-1.62114;-0.346719;1.2024;0
0.105062;-1.54644;-0.11846;-1.61205;-0.384425;1.28799;0
0.107901;-1.54208;-0.123417;-1.61436;-0.396107;1.31924;0
0.110584;-1.53745;-0.128444;-1.61671;-0.409151;1.35063;0
0.112862;-1.53217;-0.134167;-1.6186;-0.420751;1.38319;0
0.115883;-1.52751;-0.139396;-1.62113;-0.433151;1.41539;0
0.118352;-1.52203;-0.14527;-1.62326;-0.445383;1.4485;0
0.102185;-1.50031;-0.161964;-1.61581;-0.481366;1.54062;0
0.104842;-1.49398;-0.168368;-1.61845;-0.493837;1.57383;0
0.107273;-1.48708;-0.175334;-1.62088;-0.506244;1.6078;0
0.109876;-1.47991;-0.182692;-1.62337;-0.517195;1.64249;0
0.113069;-1.47309;-0.189389;-1.62675;-0.531135;1.67618;0
0.11653;-1.46623;-0.196708;-1.62981;-0.542433;1.71088;0
0.101204;-1.43951;-0.218029;-1.62428;-0.575324;1.81171;0
0.105377;-1.43222;-0.225752;-1.62809;-0.587644;1.84573;0
0.109599;-1.42446;-0.234302;-1.63159;-0.597948;1.88081;0
0.112945;-1.41544;-0.244184;-1.63414;-0.608017;1.91747;0
0.117801;-1.40742;-0.253285;-1.63798;-0.618321;1.95294;0
0.122882;-1.3997;-0.262167;-1.64197;-0.630095;1.98808;0
0.109923;-1.36704;-0.289583;-1.64165;-0.670373;2.11113;0
0.11761;-1.36096;-0.297971;-1.6471;-0.680614;2.14174;0
0.125939;-1.35542;-0.306031;-1.65297;-0.691151;2.17085;0
0.135242;-1.35116;-0.31389;-1.65875;-0.697083;2.1976;0
0.144258;-1.34644;-0.321689;-1.66475;-0.708871;2.22456;0
0.153445;-1.34127;-0.331157;-1.66971;-0.712214;2.25312;0
0.143145;-1.3035;-0.372368;-1.67226;-0.740346;2.4033;0
0.154954;-1.30303;-0.379049;-1.67793;-0.735775;2.41423;0
0.166784;-1.30409;-0.383634;-1.68419;-0.737373;2.41704;0
0.178563;-1.3042;-0.38926;-1.6903;-0.73967;2.42508;0
0.190284;-1.30472;-0.394075;-1.69675;-0.746823;2.43061;0
0.202029;-1.30527;-0.399566;-1.70252;-0.74943;2.4361;0
0.189789;-1.28536;-0.432245;-1.70976;-0.766419;2.48741;0
0.20112;-1.28626;-0.437071;-1.71542;-0.772485;2.48793;0
0.212553;-1.28708;-0.442784;-1.72039;-0.772757;2.48949;0
0.223822;-1.28882;-0.447588;-1.72518;-0.773389;2.48541;0
0.234992;-1.29054;-0.452321;-1.72995;-0.776149;2.48092;0
0.245866;-1.29261;-0.457087;-1.73405;-0.775546;2.47324;0
0.230695;-1.27894;-0.483434;-1.73862;-0.779877;2.4674;0
0.24158;-1.27983;-0.489655;-1.74245;-0.779399;2.46554;0
0.25263;-1.27927;-0.497734;-1.74603;-0.778319;2.4721;0
0.263495;-1.27964;-0.504825;-1.74949;-0.777917;2.47303;0
0.274573;-1.27881;-0.513565;-1.7527;-0.776948;2.4814;0
0.285391;-1.27839;-0.521244;-1.75631;-0.781705;2.48638;0
0.267358;-1.2694;-0.541078;-1.75655;-0.767165;2.4277;0
0.27796;-1.2687;-0.549937;-1.75904;-0.764969;2.43204;0
0.288514;-1.26581;-0.560628;-1.76182;-0.768072;2.44709;0
0.298951;-1.26569;-0.569075;-1.76397;-0.765574;2.44787;0
0.30915;-1.26456;-0.57715;-1.76725;-0.776836;2.45252;0
0.319189;-1.26453;-0.584922;-1.76958;-0.780696;2.4511;0
0.308957;-1.23688;-0.618547;-1.77681;-0.83044;2.5045;0
0.318353;-1.23692;-0.626989;-1.77775;-0.825751;2.49803;0
0.327709;-1.23665;-0.635797;-1.77858;-0.821698;2.49278;0
0.337235;-1.23583;-0.644727;-1.78;-0.824455;2.49109;0
0.346722;-1.23474;-0.654995;-1.78031;-0.818762;2.49042;0
0.35569;-1.23372;-0.664292;-1.781;-0.819846;2.48651;0
0.343564;-1.21267;-0.693831;-1.78167;-0.822083;2.4852;0
0.353071;-1.20773;-0.708797;-1.78111;-0.813892;2.49926;0
0.362322;-1.20406;-0.720333;-1.78247;-0.824729;2.50612;0
0.370133;-1.20166;-0.731705;-1.78126;-0.815526;2.50026;0
0.378942;-1.19776;-0.743613;-1.782;-0.824989;2.50531;0
0.388365;-1.19221;-0.758042;-1.78249;-0.83359;2.52042;0
0.377561;-1.17246;-0.78067;-1.7838;-0.857721;2.49783;0
0.38604;-1.16674;-0.796418;-1.78215;-0.849049;2.50575;0
0.39275;-1.16234;-0.808555;-1.78099;-0.849257;2.49808;0
0.399786;-1.15671;-0.821517;-1.78054;-0.857756;2.49637;0
0.406896;-1.15106;-0.835487;-1.77915;-0.857543;2.4949;0
0.414056;-1.14425;-0.851975;-1.77645;-0.84683;2.49714;0
0.410884;-1.12226;-0.881104;-1.77453;-0.84512;2.5045;0
0.415869;-1.11417;-0.896874;-1.77154;-0.837104;2.49577;0
0.42096;-1.1057;-0.913456;-1.76822;-0.828154;2.48785;0
0.42634;-1.09502;-0.931963;-1.76535;-0.824287;2.48733;0
0.431921;-1.08394;-0.950398;-1.76312;-0.82753;2.48804;0
0.431495;-1.0648;-0.974305;-1.76064;-0.83131;2.4811;0
0.436181;-1.05017;-0.995834;-1.75775;-0.831628;2.48266;0
0.439607;-1.03393;-1.01789;-1.75446;-0.832167;2.47847;0
0.442776;-1.01695;-1.04019;-1.7513;-0.83497;2.47277;0
0.445624;-0.99787;-1.06406;-1.7481;-0.839735;2.46711;0
0.448313;-0.979264;-1.08654;-1.74564;-0.847724;2.45685;0
0.453673;-0.966043;-1.10458;-1.74261;-0.852857;2.44251;0
0.456743;-0.940812;-1.1326;-1.74052;-0.871669;2.44066;0
0.456576;-0.91842;-1.15398;-1.73898;-0.889526;2.41309;0
0.457023;-0.891519;-1.17878;-1.738;-0.914717;2.39106;0
0.459092;-0.871341;-1.19452;-1.74058;-0.962242;2.36171;0
0.466004;-0.859953;-1.20566;-1.74334;-1.0078;2.33659;0
0.472643;-0.854429;-1.21219;-1.74378;-1.03024;2.30313;0
0.479371;-0.847592;-1.21979;-1.74623;-1.06224;2.27239;0
0.486678;-0.841166;-1.22714;-1.74864;-1.09578;2.2415;0
0.49303;-0.835901;-1.23321;-1.7505;-1.1233;2.20596;0
0.499728;-0.831429;-1.23897;-1.75244;-1.14965;2.16903;0
0.505794;-0.827178;-1.24484;-1.75435;-1.17079;2.13295;0
0.512404;-0.823382;-1.25084;-1.75632;-1.19409;2.09769;0
0.519716;-0.819986;-1.25748;-1.7584;-1.21648;2.06363;0
0.527088;-0.816712;-1.26463;-1.76008;-1.23609;2.02976;0
0.534533;-0.813824;-1.27108;-1.76221;-1.25789;1.99662;0
0.542112;-0.811236;-1.27811;-1.76388;-1.27769;1.96347;0
0.550367;-0.808663;-1.28606;-1.76551;-1.29721;1.9337;0
0.558561;-0.80588;-1.29434;-1.7669;-1.31485;1.90302;0
0.567111;-0.803759;-1.30246;-1.76841;-1.33402;1.8741;0
0.575584;-0.801954;-1.31071;-1.76943;-1.35106;1.84359;0
0.584533;-0.800262;-1.31958;-1.77033;-1.36758;1.81485;0
0.593519;-0.798792;-1.32834;-1.77114;-1.38551;1.7862;0
0.602325;-0.797542;-1.33698;-1.77172;-1.40234;1.7572;0
0.611786;-0.795777;-1.34693;-1.77201;-1.41925;1.72918;0
0.620967;-0.794861;-1.35618;-1.77209;-1.43491;1.7008;0
0.630875;-0.79419;-1.36607;-1.77209;-1.45135;1.67396;0
0.64071;-0.793706;-1.37595;-1.77187;-1.46745;1.64721;0
0.650454;-0.79349;-1.38544;-1.77166;-1.48436;1.61966;0
0.660332;-0.793433;-1.3952;-1.77116;-1.50077;1.59213;0
0.670733;-0.792745;-1.4062;-1.77039;-1.51739;1.56605;0
0.681059;-0.793166;-1.41643;-1.76945;-1.53448;1.53945;0
0.691386;-0.793752;-1.42687;-1.76815;-1.55022;1.51294;0
0.701887;-0.794515;-1.43725;-1.7669;-1.56662;1.48681;0
0.71221;-0.795423;-1.44758;-1.7654;-1.58278;1.46094;0
0.722673;-0.796581;-1.458;-1.76371;-1.59875;1.43467;0
0.733709;-0.797049;-1.4697;-1.76178;-1.61481;1.40922;0
0.744351;-0.798611;-1.48038;-1.75962;-1.6306;1.3838;0
0.755013;-0.800428;-1.49089;-1.7574;-1.64757;1.35852;0
0.765494;-0.802353;-1.50132;-1.75497;-1.66419;1.3334;0
0.776233;-0.804631;-1.51203;-1.75216;-1.68083;1.30771;0
0.78736;-0.807246;-1.52296;-1.74921;-1.69901;1.28401;0
