0
0.000402949
0.00074592
0.00103622
0.00134444
0.00158964
0.00132336
0.00158392
0.00177016
0.00196981
0.00214963
0.00225635
0.00199072
0.00206467
0.00223284
0.00239218
0.00248246
0.00227568
0.00237222
0.00253998
0.00272278
0.00287278
0.0031067
0.00308773
0.00307913
0.00307137
0.00310085
0.00326214
0.00324392
0.00335111
0.0034181
0.0034422
0.00346264
0.00360409
0.00358969
0.00351017
0.00350553
0.0035128
0.00355913
0.00379311
0.0038173
0.00373771
0.00374994
0.00380183
0.00392405
0.00437313
0.00429958
0.00418673
0.0042688
0.0041971
0.00427926
0.00505629
0.00493369
0.00487598
0.00477571
0.00476217
0.00470581
0.00577704
0.00560267
0.00541532
0.00528353
0.00511162
0.00498255
0.00617298
0.00601267
0.00580884
0.00557555
0.00538091
0.00522497
0.00494867
0.00479591
0.00467692
0.00456531
0.00448397
0.00439009
0.00429925
0.00425162
0.00416273
0.00407421
0.00401376
0.00395836
0.00411328
0.00408321
0.00405656
0.00405533
0.00404371
0.00403196
0.00397038
0.00398532
0.00397912
0.00396382
0.00399323
0.00403751
0.00425854
0.00429123
0.00428095
0.00432682
0.00436425
0.00439338
0.00451307
0.00458702
0.00463921
0.00472525
0.00482278
0.00506835
0.00518504
0.00531497
0.00550065
0.00566582
0.005852
0.005992
0.00626525
0.00645314
0.00671906
0.00705481
0.00725596
0.00734737
0.00746099
0.00769348
0.00783037
0.00784652
0.00791791
0.00794691
0.00811041
0.00820329
0.0082328
0.00827046
0.00832962
0.0083256
0.00842621
0.00840623
0.00833255
0.00837807
0.00835904
0.00840388
0.00843248
0.00841821
0.00846677
0.00847548
0.0084017
0.00842161
0.00839859
0.00842152
0.00844143
0.00844156
0.00853531
0.00868125
0.00859995
0.00848839
0.00845116
0.00841326
0.00849607
