0
0.00974441
0.0198593
0.0303233
0.040746
0.0515454
0.0641701
0.0761878
0.0887003
0.101424
0.114361
0.127358
0.151994
0.166154
0.180128
0.194639
0.207994
0.234979
0.249366
0.264083
0.27811
0.29292
0.321916
0.336763
0.352262
0.368202
0.384205
0.414912
0.430019
0.444329
0.458909
0.473512
0.489664
0.515944
0.530743
0.546688
0.562617
0.577687
0.59241
0.619945
0.63423
0.650524
0.664299
0.678968
0.692381
0.723819
0.738035
0.750772
0.764744
0.780474
0.794459
0.826482
0.838259
0.855909
0.874724
0.893747
0.905919
0.993489
1.00658
1.01827
1.02672
1.03955
1.05301
1.08334
1.08208
1.09392
1.09972
1.11178
1.11606
1.14328
1.15434
1.17178
1.18183
1.19016
1.19906
1.20201
1.21218
1.21995
1.2276
1.23459
1.24859
1.27206
1.28343
1.28622
1.30568
1.3243
1.34243
1.341
1.35033
1.34967
1.35867
1.35615
1.35847
1.39808
1.40293
1.40751
1.41736
1.4264
1.43864
1.45218
1.46343
1.46531
1.46949
1.47994
1.481
1.48752
1.48839
1.49157
1.49683
1.50128
1.51364
1.51989
1.5428
1.56515
1.607
1.65118
1.67675
1.70811
1.73111
1.75677
1.7841
1.80653
1.83171
1.85239
1.87239
1.89676
1.91776
1.93774
1.95802
1.97701
1.9953
2.01281
2.02837
2.04538
2.06136
2.07593
2.09024
2.10373
2.11648
2.12929
2.14083
2.15209
2.16271
2.17325
2.1832
2.19211
2.20112
2.20883
2.21632
2.22396
2.23078
2.23754
