0
0.00479991
0.00917013
0.0132023
0.016973
0.020555
0.023985
0.0273065
0.0305553
0.0337545
0.0369339
0.0401072
0.0432867
0.0464834
0.0497117
0.0529592
0.0562466
0.0595677
0.0629259
0.0663131
0.0697402
0.0732021
0.076686
0.0801996
0.083742
0.0873
0.0908769
0.0944763
0.0980821
0.10171
0.105352
0.109001
0.112648
0.116302
0.119966
0.123621
0.127277
0.13093
0.134573
0.138202
0.141827
0.145437
0.149018
0.152581
0.156125
0.15964
0.163098
0.166563
0.169942
0.173283
0.17656
0.179791
0.182967
0.186071
0.18906
0.191982
0.194806
0.19752
0.200116
0.202528
0.204835
0.206944
0.208929
0.210675
0.212247
0.213599
0.214708
0.215556
0.216101
0.216344
0.216297
0.215921
0.215241
0.214164
0.212765
0.210968
0.208794
0.206268
0.203418
0.200168
0.196675
0.192839
0.188656
0.18434
0.179751
0.174974
0.170051
0.164938
0.159742
0.154513
0.14921
0.143944
0.138669
0.13342
0.12824
0.123136
0.118159
0.113218
0.108316
0.103634
0.0990455
0.0945888
0.0902776
0.0860562
0.0819871
0.0780864
0.0742917
0.0705763
0.0670263
0.0635874
0.0602876
0.0571261
0.0540508
0.0510987
0.0482762
0.0455522
0.0429568
0.0404491
0.0380424
0.0357397
0.0335365
0.0314219
0.0294003
0.027468
0.0256198
0.0238669
0.0221816
0.0205917
0.0190782
0.0176418
0.0162978
0.015022
0.0138128
0.0126945
0.0116072
0.0105938
0.00964951
0.00875482
0.00792875
0.00713986
0.00641974
0.00575117
0.00511865
0.00453601
0.00399109
0.00349402
0.00302544
0.00261325
0.00222863
0.00191156
0.0016441
0.00147446
