0
0.000111341
0.00125909
0.00323391
0.00584126
0.00891709
0.0123565
0.0160477
0.019948
0.0239637
0.0279992
0.0320528
0.0361052
0.0400956
0.0440013
0.0478461
0.0515864
0.0552304
0.0587766
0.0622365
0.0655804
0.0688279
0.072021
0.07512
0.0781322
0.0810888
0.083982
0.086802
0.0895977
0.0923009
0.0949478
0.0975797
0.100195
0.102786
0.105301
0.107827
0.110294
0.11278
0.115259
0.117743
0.120231
0.122729
0.125263
0.127818
0.130356
0.132965
0.135714
0.138418
0.141334
0.14431
0.147434
0.150634
0.15396
0.157492
0.161289
0.165246
0.169423
0.173909
0.1787
0.184034
0.189651
0.195802
0.20234
0.209681
0.217442
0.225928
0.235145
0.245156
0.256058
0.267943
0.280741
0.294669
0.309653
0.325857
0.343224
0.361839
0.381545
0.402432
0.424492
0.447676
0.47158
0.496549
0.52295
0.549185
0.57599
0.603565
0.630941
0.658289
0.685524
0.712738
0.739877
0.766463
0.792008
0.817622
0.842395
0.865657
0.88834
0.910166
0.931601
0.951823
0.971266
0.98999
1.00801
1.0248
1.04071
1.05597
1.0707
1.08444
1.09717
1.10937
1.12126
1.13243
1.14295
1.15302
1.16248
1.17139
1.17981
1.18775
1.19531
1.20247
1.2091
1.21535
1.22126
1.22694
1.2323
1.23735
1.24215
1.24665
1.25087
1.2548
1.25846
1.26191
1.26513
1.26806
1.27081
1.27335
1.2757
1.27782
1.2797
1.28142
1.28288
1.28424
1.28534
1.28633
1.28698
1.28757
1.2879
1.28801
1.28799
1.28778
1.2875
1.28701
