0
0.000412706
0.000768192
0.00110831
0.00141068
0.0016896
0.00192543
0.00212009
0.00230452
0.00247024
0.00262233
0.00270998
0.00281049
0.00292241
0.00299553
0.00307663
0.0031395
0.00322819
0.00326411
0.00329935
0.00333143
0.00339462
0.00339154
0.00340895
0.00343679
0.00344476
0.00345957
0.00349655
0.00351191
0.00352469
0.00353148
0.00350778
0.00351273
0.0035106
0.00348096
0.00349108
0.00347869
0.00344798
0.00342153
0.003419
0.00340781
0.00341333
0.00336914
0.00335531
0.00334511
0.00333488
0.00331129
0.00329309
0.00326154
0.00324379
0.00322584
0.0031944
0.00319674
0.00318391
0.00317389
0.00315703
0.00312992
0.00312958
0.00311712
0.00308451
0.00306455
0.00302342
0.00299639
0.00297374
0.00296268
0.00294211
0.0029247
0.002903
0.00290183
0.00287922
0.00287053
0.00283117
0.0028023
0.00279503
0.00277453
0.00274536
0.00273794
0.00271178
0.00268981
0.00266728
0.00263462
0.00261459
0.00260094
0.00259229
0.00258084
0.00255434
0.00252491
0.002497
0.00246943
0.0024389
0.00240669
0.00236629
0.00235274
0.00233357
0.00232138
0.00230348
0.00227357
0.00223589
0.00220754
0.0021727
0.00215478
0.00212161
0.00208798
0.00204501
0.00201349
0.00198722
0.00195231
0.0019199
0.00189451
0.00185689
0.0018425
0.00182396
0.00180904
0.00179266
0.00178152
0.00175546
0.00174174
0.00174068
0.00172326
0.00171953
0.00171282
0.00171547
0.0017254
0.00173085
0.00174371
0.00174713
0.00175244
0.00176452
0.00177111
0.00179737
0.00182474
0.00184193
0.00186129
0.00189522
0.00193773
0.00197106
0.00199856
0.00201287
0.00205522
0.00209918
0.00212742
0.00216305
0.00222389
0.00228659
0.00233357
0.00238419
0.00240848
0.00248345
0.00253782
0.00256754
0.00258412
0.00265126
