0
0.0110099
0.0221968
0.0333769
0.0446792
0.0560346
0.067524
0.0790985
0.0907054
0.102374
0.114083
0.125966
0.137794
0.149606
0.161504
0.173372
0.185349
0.19722
0.20924
0.22128
0.233296
0.245256
0.257412
0.269552
0.28167
0.293807
0.305929
0.318042
0.330184
0.342386
0.354602
0.366889
0.379085
0.391313
0.403654
0.415882
0.428152
0.440502
0.452823
0.465144
0.477462
0.489736
0.502195
0.514535
0.526825
0.539124
0.55146
0.563809
0.57617
0.588437
0.60075
0.613099
0.62527
0.637464
0.649683
0.661916
0.674109
0.686214
0.698486
0.710636
0.72272
0.734815
0.746806
0.758756
0.770594
0.782614
0.794414
0.80631
0.817929
0.829581
0.841072
0.852639
0.864193
0.875585
0.886829
0.898272
0.909264
0.920239
0.931209
0.941994
0.952704
0.963237
0.973619
0.983891
0.994174
1.00435
1.01451
1.02434
1.03402
1.04363
1.05319
1.06247
1.07154
1.08053
1.08947
1.09829
1.10699
1.1155
1.12368
1.13177
1.13968
1.1474
1.155
1.16249
1.16978
1.17684
1.18375
1.19042
1.19698
1.20333
1.20954
1.21559
1.22145
1.22712
1.23258
1.23793
1.24307
1.24801
1.25284
1.25737
1.26179
1.26603
1.27008
1.27388
1.2775
1.28111
1.28437
1.28747
1.29039
1.29324
1.29591
1.29832
1.30058
1.30268
1.30463
1.30635
1.30799
1.30939
1.31053
1.31158
1.31255
1.31325
1.31391
1.31434
1.31472
1.31483
1.31457
1.31434
1.31404
1.31343
1.31252
1.31195
