0
0.00040669
0.000788403
0.00111366
0.00138283
0.0016468
0.00188593
0.00210842
0.0022444
0.00238786
0.0024927
0.00265476
0.00275409
0.00282001
0.00293414
0.0029959
0.00308397
0.00314015
0.00314549
0.003149
0.00316284
0.00321198
0.00319839
0.00318393
0.00316677
0.00318241
0.00316616
0.00314405
0.0031339
0.00314266
0.00313839
0.00310181
0.0030669
0.00302466
0.00301438
0.00300508
0.00296691
0.00294376
0.00290475
0.00289997
0.002871
0.00282121
0.00281157
0.00280071
0.00278061
0.0027487
0.00273249
0.00272102
0.00268496
0.00266074
0.00262965
0.00260812
0.00259366
0.00256671
0.00255102
0.00254275
0.00253659
0.00252052
0.00250888
0.0025019
0.00249266
0.00248546
0.00248255
0.00245788
0.00244875
0.00244071
0.00242471
0.0024189
0.00239859
0.00239039
0.00237986
0.00238182
0.00236694
0.00236018
0.00235113
0.00234983
0.00234986
0.00236012
0.00234795
0.0023508
0.00235226
0.00233525
0.00232236
0.00229982
0.00229733
0.00229374
0.00227936
0.00227684
0.00226196
0.0022588
0.00224084
0.00223737
0.00222768
0.002229
0.00223925
0.00222869
0.0021962
0.00219659
0.00217648
0.00216495
0.00216669
0.00215143
0.00215019
0.00216362
0.00217228
0.00217983
0.00217283
0.00216588
0.00216881
0.00215772
0.00214352
0.00212764
0.00214073
0.00214467
0.00214216
0.00214696
0.00214685
0.0021625
0.00218062
0.00218229
0.00219368
0.0021915
0.00219156
0.0021998
0.0021924
0.00218139
0.00217109
0.00216786
0.00218851
0.00221052
0.00223807
0.00225294
0.00228129
0.0023167
0.00233371
0.00232246
0.00233823
0.00235801
0.00238792
0.00241781
0.00242792
0.00246654
0.00249603
0.00252618
0.00255282
0.00258033
0.0026175
0.00265741
0.00269323
0.00273767
0.0027842
0.00282386
