0
0.425666
0.854321
1.28069
1.71064
2.14064
2.57184
3.00198
3.43296
3.86625
4.29701
4.72791
5.15488
5.58314
6.01004
6.43754
6.86024
7.27866
7.69542
8.11314
8.52986
8.94044
9.35133
9.75913
10.16
10.559
10.9538
11.344
11.7331
12.1194
12.5012
12.8814
13.2574
13.63
13.9964
14.3583
14.7166
15.0699
15.4199
15.7667
16.1083
16.4479
16.7811
17.1099
17.434
17.7537
18.0684
18.3767
18.6819
18.9833
19.2783
19.5686
19.8531
20.1351
20.4121
20.6857
20.9517
21.217
21.4773
21.7333
21.9835
22.2301
22.4719
22.7109
22.9441
23.1725
23.399
23.6223
23.8403
24.0524
24.2615
24.4667
24.6685
24.8679
25.0625
25.2546
25.4421
25.6271
25.8082
25.9877
26.162
26.3359
26.5069
26.6747
26.8384
27.0005
27.1604
27.3181
27.4738
27.6264
27.7791
27.9286
28.0779
28.2232
28.3685
28.5118
28.654
28.7941
28.9332
29.07
29.2059
29.3417
29.4771
29.6097
29.7416
29.8748
30.0059
30.1378
30.2684
30.4015
30.5329
30.6636
30.7952
30.9249
31.0553
31.1857
31.3158
31.4458
31.5763
31.709
31.8399
31.9733
32.107
32.2424
32.3798
32.5174
32.6559
32.7952
32.9369
33.0787
33.2211
33.3666
33.5108
33.6577
33.8068
33.959
34.1119
34.2678
34.4238
34.5804
34.7425
34.9035
35.069
35.2363
35.4074
35.5808
35.7532
35.9281
36.1078
36.2879
36.4734
36.6603
