0;-1.5708;0;-1.5708;0;0;0
0.00338239;-1.5745;-0.0039574;-1.58079;0;0.00164922;0
0.00677488;-1.57816;-0.00797495;-1.59075;-1.06434e-06;0.00326766;0
0.0102106;-1.58191;-0.0120211;-1.60076;-3.19709e-06;0.00492029;0
0.013626;-1.58568;-0.0161524;-1.6108;-6.65755e-06;0.00676224;0
0.0170806;-1.58941;-0.0203189;-1.62077;-1.1195e-05;0.00835581;0
0.0205559;-1.59309;-0.0245327;-1.63069;-1.65236e-05;0.010052;0
0.0240441;-1.59675;-0.0288057;-1.64054;-2.25796e-05;0.0116943;0
0.0275929;-1.60054;-0.0330943;-1.65052;-3.01712e-05;0.0134993;0
0.0311818;-1.60419;-0.037421;-1.66039;-3.7796e-05;0.0151641;0
0.0347787;-1.60789;-0.041814;-1.67022;-7.75015e-05;0.0169673;0
0.0384154;-1.61133;-0.0462478;-1.67976;-8.66777e-05;0.0188284;0
0.0421425;-1.61492;-0.0506773;-1.68938;-9.89744e-05;0.0205427;0
0.0459421;-1.61848;-0.0551187;-1.69899;-0.000114488;0.0223046;0
0.0497235;-1.62186;-0.0596487;-1.70834;-0.000128201;0.0240026;0
0.0535482;-1.62528;-0.0642226;-1.71771;-0.000143711;0.0257713;0
0.0574909;-1.62858;-0.0687816;-1.72688;-0.000161004;0.0276115;0
0.0615487;-1.63193;-0.0733229;-1.73602;-0.000178786;0.0293616;0
0.0656666;-1.63534;-0.0779025;-1.74517;-0.000198142;0.031281;0
0.0698359;-1.63866;-0.0825327;-1.75422;-0.000219206;0.0331435;0
0.0740992;-1.64188;-0.087165;-1.76315;-0.000242469;0.0349266;0
0.0784482;-1.64498;-0.0918204;-1.77182;-0.00026609;0.0368225;0
0.0829146;-1.64816;-0.0964711;-1.78058;-0.000293636;0.038642;0
0.0874452;-1.65129;-0.10116;-1.78921;-0.000321545;0.0404897;0
0.0921228;-1.65442;-0.105828;-1.79771;-0.00034972;0.0424459;0
0.0968869;-1.6574;-0.110515;-1.80601;-0.000413102;0.044267;0
0.101791;-1.66043;-0.115194;-1.81429;-0.000446484;0.0460705;0
0.106774;-1.66345;-0.119909;-1.82243;-0.000479982;0.0480277;0
0.111863;-1.66635;-0.124636;-1.83043;-0.000518167;0.0500162;0
0.117085;-1.66915;-0.129351;-1.83829;-0.000589035;0.0519174;0
0.122369;-1.67197;-0.134124;-1.84603;-0.000632117;0.0538475;0
0.127805;-1.6748;-0.138891;-1.85375;-0.000680165;0.0558629;0
0.133362;-1.6776;-0.143673;-1.86135;-0.000725395;0.0578534;0
0.13902;-1.68039;-0.148477;-1.86886;-0.000774908;0.0597812;0
0.144787;-1.6831;-0.153302;-1.87614;-0.000863849;0.0616828;0
0.150721;-1.68577;-0.158117;-1.8833;-0.000915897;0.0635932;0
0.156737;-1.68849;-0.162991;-1.89038;-0.000976899;0.0656732;0
0.16289;-1.69114;-0.167862;-1.8973;-0.00103907;0.0677398;0
0.169207;-1.69382;-0.172719;-1.90418;-0.00120455;0.0696602;0
0.175591;-1.69637;-0.17763;-1.91083;-0.00136209;0.0715765;0
0.182109;-1.69899;-0.18256;-1.91741;-0.00146411;0.073549;0
0.18875;-1.7016;-0.187519;-1.92394;-0.00156752;0.0755703;0
0.195516;-1.70412;-0.192482;-1.93021;-0.00167187;0.0776131;0
0.202402;-1.70662;-0.197473;-1.93636;-0.0017504;0.0796305;0
0.209417;-1.70916;-0.202465;-1.94245;-0.00188709;0.0815592;0
0.21657;-1.71171;-0.207481;-1.94842;-0.00200592;0.083568;0
0.223839;-1.71421;-0.21253;-1.95421;-0.00218177;0.0856263;0
0.231153;-1.71675;-0.217637;-1.95984;-0.00235046;0.0875575;0
0.238623;-1.71933;-0.222767;-1.96542;-0.00250395;0.0895159;0
0.246234;-1.72185;-0.227892;-1.97086;-0.00269161;0.0914887;0
0.253923;-1.72443;-0.233069;-1.97618;-0.00282594;0.09343;0
0.261694;-1.72702;-0.238272;-1.98136;-0.00296187;0.0952732;0
0.269604;-1.72959;-0.24348;-1.98637;-0.00308765;0.0972199;0
0.277545;-1.7322;-0.248762;-1.99131;-0.00322487;0.0990876;0
0.285652;-1.73477;-0.254042;-1.99608;-0.00339698;0.100949;0
0.293804;-1.73733;-0.259378;-2.0007;-0.00365636;0.102802;0
0.30209;-1.73993;-0.264725;-2.00516;-0.00386458;0.104649;0
0.31044;-1.74251;-0.27015;-2.0095;-0.00408474;0.106429;0
0.318819;-1.74513;-0.27561;-2.01373;-0.00434747;0.108178;0
0.327339;-1.74775;-0.281062;-2.01784;-0.00463137;0.109846;0
0.335914;-1.75042;-0.286573;-2.02178;-0.00482883;0.111543;0
0.344595;-1.75308;-0.292107;-2.02559;-0.0050703;0.113112;0
0.353331;-1.75576;-0.297671;-2.02926;-0.00531101;0.114729;0
0.362136;-1.75849;-0.303308;-2.03281;-0.00557639;0.116308;0
0.370978;-1.76125;-0.308945;-2.03624;-0.0057768;0.11789;0
0.379907;-1.76403;-0.314615;-2.03949;-0.00604143;0.119392;0
0.388905;-1.76681;-0.320327;-2.04262;-0.00632265;0.120931;0
0.397929;-1.7696;-0.326062;-2.04564;-0.00654764;0.122351;0
0.407055;-1.77245;-0.331825;-2.04851;-0.00681201;0.123794;0
0.416205;-1.77533;-0.337609;-2.05119;-0.00711657;0.125213;0
0.425403;-1.77824;-0.343413;-2.05377;-0.00738058;0.126589;0
0.434641;-1.78114;-0.349232;-2.05617;-0.00770905;0.127895;0
0.44393;-1.78411;-0.355094;-2.05845;-0.0080303;0.129174;0
0.45323;-1.78708;-0.360976;-2.0606;-0.00834596;0.130391;0
0.462582;-1.79008;-0.366873;-2.06258;-0.00866853;0.131608;0
0.47187;-1.79314;-0.372805;-2.06445;-0.00900249;0.132759;0
0.481257;-1.79622;-0.37872;-2.06616;-0.00927435;0.133922;0
0.490676;-1.79926;-0.384635;-2.06769;-0.00962124;0.134996;0
0.500128;-1.8024;-0.39059;-2.06909;-0.0100011;0.136003;0
0.50954;-1.80554;-0.396551;-2.07037;-0.0103448;0.136999;0
0.519038;-1.8087;-0.402491;-2.07144;-0.010639;0.137906;0
0.528582;-1.81188;-0.40846;-2.07241;-0.0109664;0.13876;0
0.538062;-1.81512;-0.414449;-2.07322;-0.0112894;0.139595;0
0.547605;-1.81842;-0.420421;-2.07393;-0.0116556;0.140435;0
0.557192;-1.82168;-0.426331;-2.07445;-0.0120505;0.141249;0
0.566732;-1.82498;-0.432258;-2.07481;-0.0124274;0.141989;0
0.576303;-1.82832;-0.438181;-2.07503;-0.012766;0.142702;0
0.585855;-1.83166;-0.444075;-2.07509;-0.013091;0.143364;0
0.595448;-1.835;-0.449956;-2.07496;-0.0134114;0.143927;0
0.605004;-1.83837;-0.455797;-2.07467;-0.013741;0.144433;0
0.614516;-1.84183;-0.46166;-2.07431;-0.0140951;0.144947;0
0.624069;-1.84529;-0.46744;-2.07382;-0.0144466;0.145383;0
0.633589;-1.8488;-0.473218;-2.07322;-0.0148088;0.145764;0
0.643155;-1.85227;-0.478903;-2.07238;-0.0151581;0.146133;0
0.652692;-1.85575;-0.484552;-2.07147;-0.0154946;0.146432;0
0.662241;-1.85928;-0.490175;-2.07035;-0.015857;0.14671;0
0.671787;-1.86291;-0.495786;-2.06913;-0.0161921;0.14693;0
0.681319;-1.86649;-0.501285;-2.06776;-0.0165702;0.147082;0
0.690858;-1.8701;-0.506751;-2.0662;-0.0169772;0.147242;0
0.700406;-1.87373;-0.512127;-2.06451;-0.0172767;0.147289;0
0.709914;-1.87738;-0.517429;-2.0627;-0.017633;0.147303;0
0.719488;-1.881;-0.522667;-2.06072;-0.0179997;0.147279;0
0.728995;-1.88462;-0.527833;-2.05857;-0.0182683;0.147245;0
0.738491;-1.88826;-0.532882;-2.05629;-0.0186281;0.147179;0
0.74798;-1.89195;-0.53786;-2.05391;-0.0189602;0.147026;0
0.757509;-1.89558;-0.542758;-2.05138;-0.0192729;0.146807;0
0.767005;-1.89934;-0.547588;-2.04872;-0.0196157;0.146619;0
0.776484;-1.90309;-0.552338;-2.04593;-0.0199748;0.146356;0
0.786008;-1.90676;-0.556945;-2.04294;-0.0202756;0.146041;0
0.795514;-1.91046;-0.561513;-2.03986;-0.0206055;0.14565;0
0.805004;-1.91423;-0.565972;-2.03663;-0.0209133;0.145285;0
0.814499;-1.91805;-0.570323;-2.03329;-0.0212504;0.144863;0
0.823963;-1.92175;-0.57454;-2.0298;-0.0215763;0.144355;0
0.833442;-1.92552;-0.578632;-2.02617;-0.0218743;0.143816;0
0.842936;-1.9293;-0.58262;-2.02241;-0.0221957;0.143229;0
0.852432;-1.93309;-0.586486;-2.01853;-0.0224814;0.142642;0
0.861946;-1.93688;-0.590219;-2.0145;-0.0228432;0.142017;0
0.871465;-1.94065;-0.593812;-2.01037;-0.023129;0.141305;0
0.88099;-1.94444;-0.597284;-2.00614;-0.0234771;0.140546;0
0.890509;-1.9482;-0.600652;-2.00172;-0.0237968;0.139729;0
0.900039;-1.95193;-0.603835;-1.99715;-0.024113;0.13886;0
0.909564;-1.95568;-0.606922;-1.99245;-0.024447;0.137954;0
0.919105;-1.95941;-0.609855;-1.98759;-0.0247319;0.137046;0
0.928647;-1.96312;-0.612667;-1.98265;-0.0250148;0.136077;0
0.938206;-1.96681;-0.615353;-1.97756;-0.0252214;0.134996;0
0.94778;-1.97047;-0.61787;-1.9723;-0.0255443;0.133866;0
0.957389;-1.97409;-0.620234;-1.96693;-0.0258236;0.132649;0
0.966991;-1.97773;-0.622447;-1.96144;-0.0261044;0.131481;0
0.976553;-1.98139;-0.624554;-1.95593;-0.0263928;0.130198;0
0.986128;-1.98507;-0.626485;-1.95029;-0.0267227;0.12889;0
0.995755;-1.9887;-0.628246;-1.94453;-0.0270722;0.127617;0
1.00538;-1.9923;-0.629877;-1.93862;-0.0273272;0.126208;0
1.01503;-1.99584;-0.631292;-1.93259;-0.0275857;0.124759;0
1.02469;-1.99943;-0.632587;-1.92649;-0.0278588;0.123264;0
1.03439;-2.00286;-0.633712;-1.92021;-0.0281347;0.12171;0
1.04414;-2.00629;-0.63469;-1.91376;-0.0283778;0.119965;0
1.05386;-2.00968;-0.635496;-1.90724;-0.0287102;0.118263;0
1.06359;-2.01306;-0.636177;-1.90065;-0.0289664;0.116422;0
1.07339;-2.01639;-0.636662;-1.89395;-0.0291759;0.114659;0
1.0832;-2.01971;-0.636959;-1.88715;-0.029535;0.112708;0
1.09302;-2.02295;-0.63713;-1.88016;-0.0297519;0.110813;0
1.10284;-2.02619;-0.637103;-1.87314;-0.0299427;0.108773;0
1.11272;-2.02945;-0.636946;-1.86601;-0.0301642;0.106698;0
1.12261;-2.03261;-0.636613;-1.85876;-0.0304271;0.104586;0
1.13254;-2.03576;-0.636136;-1.85139;-0.0306607;0.102434;0
1.14247;-2.03875;-0.635512;-1.84392;-0.0308336;0.100118;0
1.15243;-2.04178;-0.634652;-1.83638;-0.0311207;0.0976193;0
1.16243;-2.04472;-0.633628;-1.82871;-0.0313509;0.0952002;0
1.17247;-2.04766;-0.632454;-1.82092;-0.0315202;0.0928425;0
1.18256;-2.05056;-0.631081;-1.81306;-0.0316572;0.0902893;0
1.19261;-2.05341;-0.629603;-1.80511;-0.0318138;0.0875518;0
1.2027;-2.05616;-0.627911;-1.797;-0.0320938;0.0848959;0
