0
0.000496927
0.000945367
0.00140442
0.00182628
0.00212751
0.00241884
0.00261278
0.00276522
0.00294689
0.0031635
0.00330995
0.00339716
0.00350559
0.00362181
0.0037176
0.00379516
0.00388888
0.00400167
0.00406288
0.00400078
0.00415412
0.00420324
0.0042438
0.00417153
0.00424765
0.00415689
0.00424651
0.00414773
0.00419656
0.00411837
0.00414906
0.00409986
0.0040351
0.004077
0.00402393
0.00410668
0.00404297
0.00399895
0.0038478
0.00380881
0.00384679
0.00376701
0.00376581
0.00373085
0.00372004
0.00371725
0.00366076
0.00367666
0.0037674
0.00370576
0.0036787
0.00364438
0.00367428
0.00371162
0.00359778
0.00364181
0.00366748
0.00366247
0.00365102
0.00362093
0.00355348
0.00355482
0.00357321
0.0035645
0.00354563
0.00356015
0.00353315
0.00352826
0.00354937
0.00352116
0.00353405
0.00351669
0.00350658
0.00352472
0.00352788
0.00354315
0.0035522
0.00358474
0.00362727
0.0036325
0.00363482
0.0036306
0.00362705
0.00364794
0.00360347
0.00362563
0.00362202
0.00360658
0.00362488
0.00360658
0.00358306
0.00356909
0.00358443
0.00360548
0.00359395
0.00357775
0.00355305
0.00354573
0.00352913
0.00346468
0.00345291
0.00343057
0.00340976
0.00339803
0.00333303
0.00327681
0.00323456
0.0032414
0.00324002
0.00323191
0.00317474
0.00318288
0.0031957
0.00313464
0.00309658
0.00307006
0.00308669
0.00305577
0.00300773
0.00299697
0.0029631
0.00297187
0.0029123
0.00287612
0.00285914
0.00284309
0.00282276
0.00277295
0.00278278
0.00278045
0.00274343
0.00272096
0.00270811
0.00269108
0.00268496
0.00269576
0.00268315
0.00266226
0.00268903
0.00270636
0.00271798
0.00273238
0.00276001
0.00277071
0.00279562
0.00284216
0.00284659
0.00285599
