0
0.0110314
0.022325
0.0335391
0.0453508
0.0573616
0.0695951
0.0822151
0.095135
0.107864
0.12095
0.13445
0.148568
0.160059
0.174117
0.188143
0.201966
0.21613
0.227719
0.240848
0.256574
0.271194
0.286344
0.301134
0.317393
0.331538
0.34833
0.360909
0.378198
0.392092
0.407334
0.423496
0.439758
0.455727
0.472791
0.491644
0.507947
0.52524
0.542594
0.560676
0.575666
0.592594
0.609263
0.626217
0.643677
0.660056
0.675932
0.694317
0.71199
0.728665
0.745378
0.7631
0.781413
0.799093
0.816736
0.834713
0.851386
0.869134
0.887299
0.9057
0.924251
0.94196
0.958818
0.976094
0.994211
1.01295
1.03146
1.04943
1.06707
1.08553
1.10325
1.12029
1.1384
1.15682
1.17489
1.19317
1.21101
1.22893
1.24665
1.26398
1.28137
1.29833
1.31519
1.33194
1.34824
1.36437
1.38036
1.39601
1.41132
1.42632
1.44143
1.45602
1.47049
1.48456
1.49815
1.51156
1.52457
1.53723
1.54917
1.56126
1.57312
1.5855
1.59711
1.60833
1.61874
1.63055
1.64208
1.65334
1.66323
1.6737
1.68387
1.69388
1.70365
1.71308
1.72242
1.73141
1.74078
1.74935
1.75852
1.7668
1.77526
1.78331
1.79145
1.79958
1.80777
1.81488
1.82282
1.83015
1.83775
1.84474
1.85183
1.85837
1.86493
1.87141
1.87797
1.8843
1.89045
1.89668
1.90284
1.90865
1.91454
1.92001
1.92512
1.93023
1.9351
1.93983
1.9443
1.94887
1.9533
