0;-1.5708;0;-1.5708;0;0;0
0.0118771;-1.57658;0.0039939;-1.58098;0;0.0174543;0
0.0234414;-1.58224;0.00757662;-1.59055;-0.000256;0.0371493;0
0.034879;-1.58781;0.010932;-1.59987;-0.000804908;0.0564708;0
0.0464053;-1.59322;0.0142345;-1.60938;-0.0016422;0.0748854;0
0.0576509;-1.59857;0.0171918;-1.61832;-0.00335092;0.0958883;0
0.0692837;-1.60412;0.0203327;-1.62764;-0.00479709;0.115366;0
0.0805442;-1.60935;0.0230697;-1.6365;-0.00712028;0.135821;0
0.0918209;-1.61456;0.0257178;-1.64531;-0.00974614;0.156267;0
0.102511;-1.61945;0.0278038;-1.65328;-0.0125133;0.178037;0
0.113918;-1.62474;0.0303145;-1.662;-0.0145389;0.198355;0
0.124686;-1.62967;0.032265;-1.66987;-0.0178168;0.219804;0
0.135576;-1.63463;0.0342475;-1.67787;-0.0214342;0.240896;0
0.14657;-1.6395;0.0361991;-1.68603;-0.0254095;0.261444;0
0.157108;-1.64415;0.0377447;-1.69354;-0.0294079;0.283917;0
0.16773;-1.64872;0.0392606;-1.7012;-0.0342064;0.305356;0
0.177782;-1.65297;0.0403237;-1.70814;-0.0386512;0.328123;0
0.188384;-1.65745;0.0416431;-1.71567;-0.043451;0.348788;0
0.198557;-1.66173;0.0426302;-1.72263;-0.0489016;0.371407;0
0.208394;-1.66556;0.0433007;-1.72939;-0.0543729;0.393995;0
0.218212;-1.66945;0.0438415;-1.73594;-0.0594512;0.417038;0
0.228132;-1.67337;0.0444313;-1.74261;-0.0649947;0.439947;0
0.23796;-1.67726;0.0449974;-1.74921;-0.0715595;0.461795;0
0.24715;-1.68081;0.0450246;-1.75495;-0.0770747;0.485594;0
0.256972;-1.68473;0.0454069;-1.76131;-0.0831747;0.50822;0
0.266495;-1.6883;0.0453815;-1.76732;-0.087939;0.53088;0
0.275329;-1.69152;0.0450079;-1.77264;-0.0942804;0.55452;0
0.284369;-1.6947;0.0446835;-1.77825;-0.100875;0.577587;0
0.293042;-1.69756;0.0439195;-1.78337;-0.105851;0.601824;0
0.302326;-1.70087;0.0435765;-1.78908;-0.11174;0.625087;0
0.311554;-1.70408;0.0432655;-1.79487;-0.119521;0.647719;0
0.319654;-1.70653;0.0420995;-1.79943;-0.126403;0.671343;0
0.328154;-1.70905;0.0408261;-1.80421;-0.130559;0.69591;0
0.337038;-1.71192;0.040171;-1.80964;-0.138911;0.718111;0
0.345997;-1.71475;0.0394919;-1.81517;-0.146937;0.740458;0
0.354514;-1.71723;0.0384229;-1.82021;-0.155162;0.763261;0
0.363232;-1.71971;0.0372466;-1.82535;-0.161596;0.786669;0
0.371803;-1.72226;0.036128;-1.83033;-0.170156;0.809037;0
0.380394;-1.72471;0.0349328;-1.83535;-0.178145;0.831268;0
0.389156;-1.72727;0.0336667;-1.84036;-0.18536;0.853788;0
0.397805;-1.72975;0.032365;-1.84531;-0.193606;0.875918;0
0.406249;-1.73186;0.0308916;-1.85025;-0.202737;0.897748;0
0.414158;-1.73362;0.0290009;-1.85458;-0.21109;0.920032;0
0.422601;-1.7358;0.0274021;-1.85932;-0.219649;0.941616;0
0.43133;-1.73804;0.0258413;-1.86432;-0.227659;0.963251;0
0.439891;-1.73995;0.0237667;-1.86896;-0.233668;0.985218;0
0.448306;-1.74184;0.0218253;-1.87362;-0.241774;1.00664;0
0.456794;-1.7437;0.0197196;-1.87822;-0.249474;1.02799;0
0.465134;-1.74542;0.0176573;-1.88285;-0.258088;1.04886;0
0.473237;-1.74689;0.0151378;-1.88704;-0.26576;1.07061;0
0.481806;-1.74879;0.0130592;-1.8917;-0.275143;1.09059;0
0.49078;-1.75085;0.0107934;-1.89642;-0.281902;1.11137;0
0.499953;-1.75316;0.00891492;-1.90148;-0.291326;1.13047;0
0.50848;-1.75475;0.00624275;-1.90582;-0.298574;1.15088;0
0.517612;-1.75692;0.00382174;-1.91044;-0.305332;1.17072;0
0.526524;-1.75886;0.00148779;-1.91515;-0.314294;1.18952;0
0.535701;-1.76093;-0.000839292;-1.92001;-0.323517;1.20758;0
0.544842;-1.76299;-0.00324716;-1.92476;-0.332595;1.22553;0
0.554196;-1.76521;-0.00579751;-1.92941;-0.340347;1.24435;0
0.563167;-1.76699;-0.00862647;-1.93384;-0.349024;1.26228;0
0.572795;-1.76933;-0.0110624;-1.93878;-0.358138;1.27883;0
0.581808;-1.77102;-0.0142272;-1.94301;-0.365603;1.297;0
0.591596;-1.77354;-0.0167368;-1.94784;-0.374592;1.31281;0
0.60149;-1.77602;-0.0193632;-1.95271;-0.383203;1.32869;0
0.611092;-1.77813;-0.0227051;-1.95692;-0.389675;1.34554;0
0.620853;-1.78049;-0.0257046;-1.9614;-0.398209;1.36098;0
0.631358;-1.78351;-0.0283625;-1.96631;-0.406741;1.37478;0
0.641105;-1.78578;-0.0316803;-1.97054;-0.414515;1.38967;0
0.65127;-1.78839;-0.0350075;-1.97483;-0.421385;1.40454;0
0.661946;-1.79153;-0.038215;-1.97924;-0.428045;1.41828;0
0.672995;-1.79509;-0.0410688;-1.98395;-0.435669;1.43034;0
0.683964;-1.79854;-0.0442189;-1.98839;-0.441953;1.44249;0
0.695218;-1.80244;-0.0471403;-1.9929;-0.448828;1.4535;0
0.706122;-1.80595;-0.0505194;-1.99699;-0.455376;1.46524;0
0.717688;-1.81009;-0.0536792;-2.00133;-0.46127;1.47523;0
0.729554;-1.81469;-0.0566933;-2.00566;-0.46739;1.48392;0
0.74118;-1.81914;-0.0599607;-2.00964;-0.473078;1.4929;0
0.753235;-1.82401;-0.0630791;-2.01378;-0.478294;1.50141;0
0.76545;-1.82922;-0.0661357;-2.0178;-0.483393;1.50889;0
0.777869;-1.8348;-0.0689472;-2.02191;-0.488903;1.51501;0
0.790524;-1.84067;-0.0718805;-2.02583;-0.493885;1.52008;0
0.802953;-1.84636;-0.075127;-2.02939;-0.497859;1.52601;0
0.815553;-1.85242;-0.0781891;-2.03295;-0.501855;1.53146;0
0.828258;-1.85871;-0.0811241;-2.03649;-0.506581;1.53543;0
0.841166;-1.86533;-0.0840454;-2.03994;-0.510469;1.53932;0
0.854095;-1.8721;-0.0871056;-2.04311;-0.513958;1.54284;0
0.867161;-1.87916;-0.0901346;-2.04615;-0.517047;1.54566;0
0.880101;-1.88622;-0.0932259;-2.04901;-0.519971;1.54873;0
0.893013;-1.89338;-0.0963886;-2.05167;-0.522426;1.55172;0
0.905931;-1.90073;-0.0995154;-2.05418;-0.524788;1.55479;0
0.918881;-1.90818;-0.102785;-2.05647;-0.526749;1.55739;0
0.931645;-1.91565;-0.106087;-2.05854;-0.528912;1.56008;0
0.944158;-1.92303;-0.109486;-2.06033;-0.531105;1.56261;0
0.956747;-1.93067;-0.112842;-2.062;-0.532863;1.56551;0
0.969043;-1.93811;-0.116482;-2.06327;-0.534405;1.56844;0
0.981043;-1.94541;-0.120248;-2.06428;-0.536106;1.57165;0
0.993164;-1.95298;-0.124001;-2.06514;-0.537497;1.57551;0
1.00505;-1.96044;-0.127849;-2.06579;-0.538747;1.57916;0
1.01675;-1.96776;-0.131847;-2.06623;-0.539917;1.5836;0
1.02795;-1.97474;-0.13607;-2.06627;-0.541391;1.5885;0
1.03912;-1.98187;-0.140198;-2.06625;-0.543157;1.59343;0
1.05005;-1.98884;-0.144549;-2.06592;-0.544596;1.59912;0
1.06064;-1.99558;-0.149104;-2.06527;-0.545941;1.60534;0
1.07122;-2.00239;-0.153621;-2.06459;-0.547303;1.61137;0
1.08136;-2.00884;-0.158452;-2.06351;-0.548578;1.61801;0
1.09108;-2.01502;-0.163413;-2.06213;-0.550988;1.62496;0
1.10077;-2.02134;-0.168342;-2.06062;-0.552819;1.6323;0
1.10997;-2.02707;-0.173817;-2.05868;-0.554087;1.64029;0
1.11917;-2.03299;-0.179235;-2.05658;-0.555409;1.64858;0
1.12798;-2.03857;-0.184981;-2.05412;-0.556778;1.65719;0
1.13683;-2.04436;-0.190523;-2.05168;-0.558658;1.66566;0
1.14528;-2.04976;-0.196295;-2.04902;-0.560583;1.67452;0
1.15352;-2.05506;-0.202061;-2.04623;-0.562639;1.68357;0
1.16154;-2.06018;-0.20803;-2.0432;-0.564472;1.69286;0
1.16927;-2.06515;-0.214155;-2.03987;-0.566756;1.70243;0
1.17677;-2.06989;-0.220539;-2.03629;-0.568679;1.71209;0
1.18414;-2.07458;-0.226924;-2.03262;-0.570472;1.72196;0
1.19125;-2.0791;-0.233447;-2.02873;-0.57256;1.73179;0
1.19811;-2.08344;-0.240015;-2.02471;-0.574972;1.74152;0
1.20482;-2.08769;-0.246787;-2.02043;-0.576935;1.75133;0
1.21168;-2.09228;-0.253179;-2.01635;-0.579164;1.76113;0
1.21822;-2.09654;-0.259944;-2.0119;-0.581121;1.77115;0
1.22435;-2.10046;-0.26708;-2.00699;-0.58306;1.78091;0
1.23042;-2.1044;-0.274073;-2.00215;-0.585288;1.79066;0
1.23623;-2.10811;-0.281232;-1.99712;-0.587812;1.80014;0
1.24178;-2.11166;-0.288552;-1.99182;-0.590357;1.80928;0
1.24718;-2.11511;-0.295996;-1.98634;-0.592583;1.81869;0
1.25254;-2.11857;-0.303468;-1.98079;-0.594606;1.8278;0
1.25771;-2.12198;-0.310839;-1.9752;-0.597421;1.83693;0
1.26268;-2.12516;-0.318478;-1.96936;-0.599674;1.84554;0
1.2674;-2.12818;-0.326163;-1.96339;-0.602169;1.85382;0
1.27193;-2.13109;-0.333922;-1.95725;-0.604944;1.86177;0
1.27625;-2.13391;-0.341795;-1.95088;-0.607665;1.86944;0
1.28057;-2.13672;-0.349704;-1.94448;-0.610352;1.87693;0
1.28462;-2.13927;-0.357761;-1.93793;-0.612955;1.88409;0
1.28863;-2.14185;-0.365846;-1.93128;-0.615527;1.891;0
1.29239;-2.14426;-0.373985;-1.92448;-0.618236;1.89729;0
1.29596;-2.14649;-0.38235;-1.91745;-0.620442;1.90347;0
1.29933;-2.14854;-0.390737;-1.91036;-0.623208;1.90895;0
1.30262;-2.15058;-0.399127;-1.90322;-0.625758;1.91437;0
1.30569;-2.15248;-0.407667;-1.89583;-0.628452;1.9189;0
1.30868;-2.15438;-0.416186;-1.88837;-0.631395;1.92353;0
1.31143;-2.15604;-0.424922;-1.88072;-0.63404;1.92746;0
1.31406;-2.15762;-0.433647;-1.873;-0.636766;1.93093;0
1.31651;-2.15904;-0.442526;-1.86513;-0.639448;1.93388;0
1.31879;-2.16035;-0.451509;-1.85708;-0.641905;1.93645;0
1.32095;-2.16152;-0.460536;-1.84901;-0.644318;1.9384;0
1.3229;-2.16259;-0.469656;-1.84074;-0.646953;1.93971;0
1.32476;-2.16359;-0.478792;-1.83241;-0.649618;1.94055;0
