0
0.003873
0.00458227
0.00506269
0.00573074
0.00544875
0.00492124
0.0047944
0.0048148
0.00467792
0.00485528
0.00517414
0.00499954
0.00521276
0.00546505
0.00553207
0.00559098
0.00593977
0.00600765
0.00659189
0.00680131
0.00692896
0.00730838
0.00832043
0.00911418
0.0101916
0.0114021
0.011937
0.0119017
0.0124664
0.0130777
0.0128209
0.0131659
0.0137002
0.0144887
0.0144025
0.0150076
0.0146702
0.0149486
0.0151277
0.014994
0.0147464
0.0152736
0.016038
0.0157859
0.0157429
0.0158479
0.0160903
0.0163718
0.0164458
0.0166466
0.0169217
0.0169881
0.0177535
0.0178818
0.0180688
0.0181788
0.0184347
0.0185241
0.0186951
0.0188283
0.0190623
0.0192276
0.0193843
0.0195966
0.0195812
0.0195725
0.0195375
0.0195471
0.0195238
0.0195048
0.0195139
0.0194232
0.0193815
0.0192727
0.0192065
0.0191273
0.0190356
0.0188729
0.0187094
0.0184792
0.0183044
0.0180597
0.0178136
0.0175481
0.0174038
0.0172368
0.0169632
0.0166918
0.0164414
0.016169
0.0159926
0.0156061
0.0154526
0.0151932
0.0148582
0.0146647
0.0143684
0.0141946
0.0140367
0.0136671
0.0133393
0.0131862
0.0131591
0.0128825
0.0127527
0.0126409
0.0125572
0.0125439
0.012573
0.0125352
0.0125708
0.0125356
0.0125343
0.0127154
0.0128919
0.0130486
0.0132644
0.0133935
0.0136819
0.0139037
0.014258
0.0145921
0.014892
0.0153511
0.015552
0.0159357
0.0163343
0.0168091
0.0170359
0.0173842
0.0179493
0.0185667
0.0191274
0.0197459
0.020399
0.0209981
0.0218532
0.0227031
0.0233279
0.0239722
0.024752
0.0254421
0.026239
0.0269687
0.0280758
0.0287742
0.0294913
0.0304843
