0
-0.00761437
0.0251753
0.0559227
0.10426
0.129945
0.155389
0.18465
0.204469
0.22264
0.233794
0.251293
0.272474
0.287101
0.30107
0.322132
0.343693
0.357111
0.37764
0.399182
0.423884
0.471651
0.490822
0.551031
0.542805
0.676703
0.804883
0.823246
0.778943
0.883496
0.83623
0.825787
0.808705
0.855629
0.839974
0.909357
0.898546
0.899165
0.842494
0.90583
0.917687
0.934449
0.949818
0.959043
0.978282
0.995645
1.01943
1.04574
1.0234
1.04362
1.07459
1.10378
1.14179
1.11079
1.14882
1.17839
1.214
1.25035
1.22912
1.20725
1.19019
1.22448
1.25565
1.2443
1.25577
1.26527
1.26048
1.27423
1.26767
1.27753
1.28847
1.30974
1.32256
1.33453
1.33643
1.34241
1.34576
1.3513
1.35666
1.36152
1.36677
1.37119
1.37516
1.37886
1.37925
1.38047
1.37802
1.37689
1.37632
1.37983
1.37722
1.37424
1.37856
1.37548
1.37572
1.37224
1.37444
1.37589
1.37309
1.37584
1.37961
1.38189
1.38298
1.38354
1.38577
1.38987
1.39054
1.39211
1.3937
1.39791
1.39894
1.40183
1.4047
1.40818
1.41304
1.41993
1.42573
1.43097
1.43686
1.44378
1.45136
1.45817
1.46606
1.47385
1.48225
1.49005
1.49772
1.50615
1.51679
1.52476
1.53322
1.54299
1.55467
1.56758
1.58066
1.59304
1.60513
1.61877
1.63453
1.64923
1.66748
1.68594
1.70482
1.72601
1.74792
1.76915
1.78997
1.81446
1.83927
