0
0.00479976
0.00917247
0.0132036
0.0169795
0.0205555
0.0239838
0.0273005
0.0305491
0.0337536
0.0369337
0.040111
0.043295
0.0464943
0.0497092
0.0529609
0.0562501
0.0595726
0.0629277
0.0663132
0.069744
0.0732035
0.0766864
0.0802025
0.0837382
0.0873024
0.0908791
0.0944811
0.0980871
0.101706
0.105344
0.108991
0.112647
0.116306
0.119962
0.123617
0.127271
0.130918
0.13456
0.138197
0.141823
0.14543
0.149023
0.152579
0.156113
0.159631
0.163121
0.166553
0.169943
0.173287
0.176577
0.179815
0.18299
0.186072
0.189067
0.191991
0.194826
0.197515
0.200088
0.202544
0.204836
0.206967
0.208929
0.210702
0.212275
0.21361
0.214694
0.215525
0.216082
0.216324
0.21629
0.215922
0.215218
0.214158
0.212706
0.210899
0.208806
0.206314
0.203469
0.200245
0.196612
0.192836
0.188717
0.18431
0.179775
0.175017
0.170123
0.164978
0.159737
0.154511
0.149173
0.143847
0.138476
0.133204
0.128026
0.12293
0.117902
0.11299
0.108145
0.10344
0.0988271
0.0943693
0.0901474
0.0859204
0.081829
0.0778578
0.0740336
0.0703468
0.0668419
0.0634374
0.0601633
0.0569773
0.0538867
0.0509602
0.0481209
0.0454409
0.0428099
0.0403056
0.0378938
0.0355718
0.0333825
0.0312428
0.0291898
0.0272619
0.0254238
0.0236527
0.0219926
0.0203919
0.018876
0.017446
0.016079
0.0148058
0.0135855
0.0124486
0.0113643
0.0103623
0.00941215
0.00851601
0.0076837
0.00689605
0.00619076
0.00549446
0.00485671
0.00426661
0.0037242
0.00323919
0.00276776
0.00236065
0.00198189
0.00168347
0.00144985
0.00127654
