0
8.46386e-05
0.00119948
0.00315022
0.00572062
0.00877404
0.0121832
0.0158713
0.019731
0.02371
0.0277069
0.0317163
0.0357065
0.0396581
0.043575
0.0473874
0.0510988
0.0547051
0.0582242
0.0616617
0.064981
0.0682318
0.0713832
0.0744514
0.0774484
0.0803573
0.0832291
0.0860085
0.0887535
0.0914633
0.0941086
0.0967011
0.0992548
0.101776
0.104287
0.106793
0.109265
0.111736
0.114179
0.11666
0.119109
0.121595
0.123934
0.126494
0.128921
0.131538
0.134183
0.136981
0.139891
0.142846
0.145947
0.149148
0.152462
0.156005
0.159788
0.163777
0.167966
0.172571
0.177488
0.182696
0.18835
0.19453
0.20121
0.208496
0.2164
0.228685
0.238044
0.248243
0.259334
0.270916
0.283958
0.298238
0.313246
0.3295
0.347019
0.365632
0.385245
0.398859
0.42087
0.444819
0.469068
0.493809
0.520236
0.545866
0.571964
0.599877
0.627072
0.654464
0.681235
0.709526
0.738114
0.763936
0.788166
0.814622
0.837489
0.859771
0.880557
0.903908
0.923651
0.944652
0.963401
0.981116
1.00008
1.01584
1.03203
1.04784
1.06228
1.07635
1.08907
1.1011
1.11221
1.12274
1.1341
1.1443
1.15409
1.16244
1.17095
1.17939
1.18637
1.19365
1.20054
1.20743
1.21362
1.21948
1.22502
1.23039
1.23559
1.24033
1.24493
1.24958
1.25394
1.25797
1.26189
1.26562
1.26914
1.2725
1.27559
1.27858
1.28121
1.28386
1.28623
1.28868
1.2907
1.29254
1.29433
1.2956
1.29701
1.29821
1.29928
1.30011
1.30096
1.3018
