0;-1.5708;0;-1.5708;0;0;0
9.18295e-05;-1.5703;-0.00173699;-1.56964;0;2.9074e-07;0
0.00120697;-1.57019;-0.00311818;-1.56948;0;0.0003103;0
0.00315165;-1.5704;-0.00419982;-1.57014;-1.89082e-07;0.000866292;0
0.0057116;-1.57084;-0.00507981;-1.57139;-8.00425e-07;0.00160778;0
0.00875049;-1.57146;-0.00580931;-1.57309;-1.87871e-06;0.00248896;0
0.0121419;-1.57221;-0.00644268;-1.57512;-3.65632e-06;0.00346552;0
0.0158101;-1.57307;-0.00700148;-1.57738;-5.92622e-06;0.00451912;0
0.019648;-1.574;-0.00754116;-1.57978;-9.13972e-06;0.00562635;0
0.0236037;-1.57497;-0.00807906;-1.58224;-1.33075e-05;0.00675846;0
0.0275753;-1.57592;-0.00868164;-1.58468;-1.89682e-05;0.00790618;0
0.0315595;-1.57686;-0.00933219;-1.58709;-2.50456e-05;0.00901464;0
0.0355241;-1.57778;-0.0100464;-1.58944;-3.16135e-05;0.0101073;0
0.0394502;-1.57869;-0.010831;-1.59169;-3.90944e-05;0.0111764;0
0.0433401;-1.57958;-0.0116766;-1.59387;-4.84626e-05;0.012216;0
0.0471262;-1.5804;-0.0126357;-1.59588;-5.78052e-05;0.0132128;0
0.0508121;-1.58118;-0.0137046;-1.59774;-6.80337e-05;0.0141633;0
0.0543922;-1.58188;-0.0148895;-1.59945;-7.93727e-05;0.0150795;0
0.0578851;-1.58253;-0.0161794;-1.60101;-9.17321e-05;0.0159629;0
0.0612975;-1.58314;-0.017568;-1.60244;-0.000104126;0.0167859;0
0.0645919;-1.58369;-0.019091;-1.60368;-0.000117544;0.017574;0
0.0678168;-1.58419;-0.0207188;-1.60478;-0.000132834;0.0182888;0
0.0709425;-1.58462;-0.0224822;-1.60572;-0.000148674;0.0190294;0
0.0739865;-1.585;-0.0243679;-1.60651;-0.000164506;0.0197124;0
0.0769596;-1.58532;-0.0263759;-1.60716;-0.000180747;0.0203367;0
0.0798454;-1.58557;-0.0285261;-1.60766;-0.000197311;0.0208966;0
0.0826927;-1.58579;-0.0307892;-1.60802;-0.000216137;0.0214739;0
0.085448;-1.58593;-0.0332114;-1.60823;-0.00023573;0.021947;0
0.0881714;-1.58601;-0.035758;-1.60832;-0.00025354;0.0224222;0
0.0908577;-1.58607;-0.0384377;-1.60827;-0.00027389;0.0229395;0
0.0934779;-1.58605;-0.0412767;-1.60807;-0.000297363;0.0233047;0
0.0960451;-1.58597;-0.0442828;-1.60772;-0.000321626;0.0237013;0
0.0985742;-1.58584;-0.0474499;-1.60721;-0.000346574;0.0241325;0
0.10107;-1.58564;-0.0507851;-1.60657;-0.000372448;0.0244617;0
0.103557;-1.58539;-0.0542796;-1.60581;-0.000399219;0.0247417;0
0.106038;-1.58509;-0.0579404;-1.60493;-0.000426908;0.0249145;0
0.108485;-1.58472;-0.0618037;-1.60388;-0.000455799;0.0251503;0
0.110932;-1.58431;-0.0658514;-1.60269;-0.000485444;0.0254729;0
0.113349;-1.5838;-0.0701202;-1.60133;-0.000516766;0.0257485;0
0.115805;-1.58327;-0.0745692;-1.59987;-0.000548975;0.0258008;0
0.118227;-1.58261;-0.0792756;-1.59823;-0.000583536;0.0257682;0
0.120688;-1.58192;-0.0841969;-1.59645;-0.000619105;0.0258603;0
0.123136;-1.5811;-0.0893934;-1.59451;-0.000519706;0.025719;0
0.125661;-1.58026;-0.0948083;-1.59245;-0.000567179;0.0257453;0
0.128225;-1.57935;-0.100488;-1.59024;-0.000442318;0.0256857;0
0.130803;-1.57831;-0.106469;-1.58785;-0.000495717;0.0253974;0
0.133407;-1.57715;-0.11277;-1.5853;-0.000553228;0.0250203;0
0.136162;-1.57598;-0.119313;-1.58267;-0.000612407;0.0246453;0
0.139038;-1.57478;-0.126131;-1.57991;-0.000663725;0.0242369;0
0.141946;-1.57342;-0.133335;-1.57696;-0.000730471;0.0239054;0
0.14502;-1.57204;-0.140838;-1.57389;-0.000776934;0.0235716;0
0.148188;-1.57053;-0.148726;-1.57065;-0.000831422;0.0231591;0
0.151444;-1.56888;-0.157038;-1.56723;-0.000912852;0.0228864;0
0.154955;-1.56718;-0.165657;-1.56379;-0.000969981;0.0223618;0
0.158672;-1.56544;-0.174661;-1.56022;-0.0010604;0.0220403;0
0.162592;-1.56362;-0.18405;-1.55654;-0.00115608;0.0216555;0
0.166739;-1.56171;-0.193873;-1.55275;-0.00122494;0.0211833;0
0.1713;-1.55986;-0.203998;-1.54901;-0.00129607;0.0207878;0
0.17613;-1.55788;-0.214566;-1.54522;-0.0014118;0.0202806;0
0.181285;-1.55584;-0.225545;-1.54141;-0.00149446;0.0196642;0
0.186879;-1.5538;-0.236893;-1.53767;-0.00158481;0.0190188;0
0.192997;-1.55186;-0.248546;-1.53404;-0.00167561;0.0183813;0
0.199609;-1.54995;-0.260554;-1.53053;-0.00177143;0.0175849;0
0.206867;-1.54822;-0.272733;-1.52732;-0.00182474;0.0163408;0
0.214686;-1.54655;-0.28527;-1.52424;-0.0019351;0.0152996;0
0.223244;-1.54503;-0.297951;-1.52151;-0.00578915;0.0140668;0
0.23251;-1.54383;-0.310873;-1.51903;-0.00589913;0.0137815;0
0.242609;-1.54295;-0.323756;-1.51712;-0.00601276;0.0128689;0
0.253582;-1.54244;-0.336724;-1.51563;-0.00613801;0.0121872;0
0.265585;-1.54243;-0.349505;-1.51485;-0.0057193;0.011204;0
0.278495;-1.54294;-0.362152;-1.51461;-0.0058448;0.0105331;0
0.292852;-1.5443;-0.37402;-1.51562;-0.00588252;0.00732097;0
0.30783;-1.5462;-0.385957;-1.5168;-0.00588252;0.00797723;0
0.324044;-1.54899;-0.39728;-1.51894;-0.00588252;0.00841595;0
0.341456;-1.5528;-0.407805;-1.52207;-0.00593141;0.00958769;0
0.359997;-1.55761;-0.41755;-1.52613;-0.00593141;0.011295;0
0.379521;-1.56345;-0.426495;-1.53096;-0.00593141;0.0137826;0
0.393446;-1.56741;-0.440768;-1.52912;-0.00315869;0.0630578;0
0.415068;-1.5755;-0.447728;-1.53582;-0.00342416;0.068138;0
0.437593;-1.58465;-0.453626;-1.54343;-0.00470001;0.0745927;0
0.461093;-1.59513;-0.458251;-1.552;-0.00527545;0.0831318;0
0.485023;-1.60641;-0.462204;-1.56088;-0.0059073;0.0929444;0
0.509361;-1.61845;-0.465193;-1.57038;-0.00779886;0.105076;0
0.534488;-1.63185;-0.466889;-1.58064;-0.00808455;0.118748;0
0.559795;-1.6458;-0.468036;-1.59107;-0.00864866;0.133737;0
0.58521;-1.66039;-0.468307;-1.60186;-0.0109062;0.150604;0
0.609867;-1.6747;-0.468633;-1.61213;-0.0132042;0.171789;0
0.634871;-1.68989;-0.467774;-1.62306;-0.0153343;0.193583;0
0.659708;-1.70543;-0.466373;-1.63402;-0.0170083;0.216577;0
0.683694;-1.72034;-0.465181;-1.64454;-0.0210591;0.240447;0
0.706577;-1.73476;-0.46408;-1.65436;-0.0265033;0.268724;0
0.729044;-1.74909;-0.462746;-1.66409;-0.0296035;0.296518;0
0.751009;-1.76333;-0.461295;-1.67352;-0.0316077;0.325885;0
0.772323;-1.77728;-0.459593;-1.68283;-0.0365047;0.353564;0
0.791563;-1.78917;-0.459478;-1.69054;-0.0398921;0.385226;0
0.810198;-1.80093;-0.459108;-1.69802;-0.0433108;0.416217;0
0.827719;-1.81179;-0.459184;-1.70482;-0.046353;0.448004;0
0.844307;-1.82201;-0.459277;-1.71131;-0.0529005;0.478478;0
0.860343;-1.83197;-0.459414;-1.71746;-0.056397;0.508688;0
0.875842;-1.84145;-0.459495;-1.72359;-0.0617114;0.535843;0
0.890662;-1.85064;-0.459621;-1.72928;-0.0654527;0.562915;0
0.904087;-1.85856;-0.460428;-1.73415;-0.0695701;0.589723;0
0.916322;-1.86553;-0.461653;-1.73836;-0.0761379;0.615073;0
0.928345;-1.87243;-0.462793;-1.74249;-0.0797229;0.639691;0
0.939948;-1.87918;-0.463898;-1.74639;-0.084155;0.663086;0
0.950519;-1.88493;-0.465454;-1.74979;-0.0892652;0.685166;0
0.960317;-1.89008;-0.467409;-1.75262;-0.0937721;0.706766;0
0.969866;-1.89523;-0.469273;-1.75527;-0.0981716;0.726775;0
0.978609;-1.89961;-0.471677;-1.75734;-0.102044;0.745567;0
0.986933;-1.90369;-0.474259;-1.7591;-0.105641;0.763543;0
0.99466;-1.90731;-0.477108;-1.76046;-0.108931;0.780284;0
1.00214;-1.91092;-0.479921;-1.7616;-0.11189;0.796279;0
1.00916;-1.91429;-0.482717;-1.76254;-0.116148;0.81096;0
1.01584;-1.91743;-0.485814;-1.76306;-0.11959;0.824766;0
1.02206;-1.92016;-0.489157;-1.76328;-0.123095;0.837589;0
1.02803;-1.92279;-0.492766;-1.76306;-0.125409;0.849738;0
1.03355;-1.92503;-0.496501;-1.76266;-0.12835;0.86081;0
1.03897;-1.92735;-0.500299;-1.76203;-0.13131;0.8712;0
1.04411;-1.92943;-0.504392;-1.76104;-0.133096;0.881017;0
1.0489;-1.93122;-0.508646;-1.75983;-0.135549;0.889814;0
1.05347;-1.93287;-0.513132;-1.7583;-0.137834;0.897838;0
1.05786;-1.93443;-0.51765;-1.75664;-0.140303;0.905191;0
1.06206;-1.93582;-0.5224;-1.75472;-0.142268;0.911867;0
1.06603;-1.93707;-0.527392;-1.75249;-0.144129;0.91796;0
1.06984;-1.93823;-0.532513;-1.75003;-0.145842;0.923338;0
1.07349;-1.93924;-0.537805;-1.74739;-0.147553;0.928175;0
1.07694;-1.94008;-0.543314;-1.7445;-0.14929;0.932138;0
1.08027;-1.94082;-0.548976;-1.74144;-0.150694;0.935575;0
1.08348;-1.94148;-0.554779;-1.73818;-0.152085;0.938407;0
1.08657;-1.94203;-0.560741;-1.73475;-0.153658;0.940631;0
1.08956;-1.94249;-0.566854;-1.73115;-0.155033;0.942431;0
1.09237;-1.94278;-0.573176;-1.72734;-0.156267;0.943348;0
1.09512;-1.94302;-0.579618;-1.72339;-0.15745;0.943936;0
1.09776;-1.94312;-0.586248;-1.71929;-0.158564;0.943752;0
1.10028;-1.94311;-0.593002;-1.71504;-0.159592;0.94306;0
1.10272;-1.94301;-0.599922;-1.71062;-0.160537;0.941804;0
1.10504;-1.94278;-0.606976;-1.70609;-0.161345;0.939744;0
1.10734;-1.94248;-0.614175;-1.70144;-0.16208;0.937488;0
1.1095;-1.942;-0.621543;-1.69667;-0.162592;0.93409;0
1.11163;-1.94143;-0.629022;-1.69184;-0.163165;0.93023;0
1.11364;-1.94074;-0.636684;-1.68682;-0.163585;0.925806;0
1.11563;-1.94001;-0.644357;-1.6818;-0.164094;0.920995;0
1.11756;-1.93921;-0.652177;-1.67666;-0.164253;0.915679;0
1.11944;-1.93825;-0.660149;-1.67146;-0.164276;0.909646;0
1.12127;-1.93724;-0.668193;-1.66618;-0.164308;0.903111;0
1.12308;-1.9361;-0.67643;-1.66082;-0.16384;0.896;0
1.12482;-1.93481;-0.684701;-1.65549;-0.1636;0.887829;0
1.12649;-1.93343;-0.693129;-1.65003;-0.163221;0.879654;0
1.12821;-1.93205;-0.701528;-1.64463;-0.162658;0.870874;0
1.12979;-1.93043;-0.710135;-1.63913;-0.162;0.861078;0
1.13134;-1.92871;-0.7188;-1.63363;-0.161416;0.850688;0
1.1329;-1.92685;-0.727581;-1.62816;-0.160802;0.839456;0
