0
0.00652056
0.0121539
0.0171365
0.0216294
0.0257624
0.0296188
0.0332778
0.0367893
0.0401979
0.043548
0.0468448
0.0501287
0.0533934
0.0566688
0.0599496
0.0632495
0.0665656
0.0699014
0.0732604
0.0766355
0.0800306
0.0834418
0.0868645
0.090295
0.0937373
0.0971816
0.100629
0.104086
0.107536
0.110981
0.114416
0.117848
0.121266
0.12466
0.12804
0.131406
0.134732
0.138028
0.141297
0.144529
0.147709
0.150837
0.153917
0.156938
0.159884
0.162774
0.165592
0.168303
0.170929
0.173461
0.175872
0.178155
0.180322
0.182342
0.184234
0.185954
0.187469
0.188811
0.190005
0.190944
0.191702
0.192208
0.192445
0.192431
0.192186
0.191662
0.190897
0.1898
0.188485
0.186839
0.184946
0.182791
0.18037
0.177662
0.174855
0.171705
0.168407
0.164878
0.161214
0.157381
0.153349
0.149319
0.145174
0.140944
0.136702
0.132467
0.128162
0.123853
0.119557
0.115346
0.111125
0.107012
0.102899
0.0988293
0.0948505
0.0909965
0.0872072
0.0835308
0.0798894
0.0763423
0.072887
0.0695362
0.0662782
0.0631285
0.0600501
0.0570735
0.0542054
0.0514338
0.0487304
0.0461485
0.0436375
0.0411896
0.0388443
0.0365909
0.0344101
0.0323202
0.0303198
0.0284015
0.0265516
0.0248071
0.0231157
0.0215248
0.0199915
0.0185523
0.0171682
0.0158479
0.0146025
0.0134157
0.0123109
0.0112719
0.0102905
0.00937507
0.00851386
0.00771812
0.00696284
0.00624797
0.00557712
0.00494682
0.00437611
0.00385422
0.00336904
0.00291625
0.00247891
0.00211431
0.00180593
0.00152654
0.00130687
0.00115622
0.00107078
0.00104529
0.00108669
