0
0.2158
0.356083
0.450674
0.518133
0.578446
0.643766
0.723076
0.818527
0.929991
1.05684
1.19436
1.3413
1.49436
1.65304
1.81564
1.98179
2.15031
2.32161
2.49473
2.67012
2.84813
3.0286
3.21187
3.39828
3.58785
3.78098
3.97808
4.17926
4.38508
4.59585
4.81223
5.03388
5.26138
5.49555
5.73637
5.98396
6.23882
6.50174
6.77248
7.05177
7.33944
7.63638
7.94268
8.25819
8.58286
8.91756
9.26226
9.61595
9.98016
10.3544
10.7394
11.1329
11.5359
11.9483
12.3696
12.8005
13.2387
13.6834
14.1352
14.593
15.0536
15.5189
15.9889
16.4601
16.9331
17.4025
17.8722
18.3378
18.8004
19.258
19.7069
20.1518
20.5873
21.0134
21.4279
21.8321
22.225
22.6062
22.973
23.3289
23.6715
24.0008
24.3144
24.6138
24.9088
25.1873
25.4494
25.7012
25.946
26.1771
26.3996
26.6084
26.8082
27.0019
27.1868
27.3637
27.5328
27.6985
27.8547
28.0054
28.1499
28.2905
28.425
28.5587
28.6865
28.8109
28.9335
29.0537
29.1717
29.2894
29.405
29.5178
29.6308
29.7434
29.8555
29.9679
30.0814
30.1954
30.3089
30.4246
30.5403
30.6574
30.776
30.8976
31.0183
31.1405
31.2659
31.393
31.5232
31.6557
31.7915
31.9284
32.0693
32.2124
32.3586
32.5073
32.657
32.8097
32.9674
33.1278
33.2913
33.4569
33.6247
33.7971
33.9738
34.1527
34.3335
34.516
34.7054
34.8981
35.0932
