0;-1.5708;0;-1.5708;0;0;0
0.000380176;-1.56842;-0.000444806;-1.56467;0;-0.00101106;0
0.00122656;-1.56685;-0.00143048;-1.56079;1.65515e-07;-0.00167071;0
0.00241887;-1.56591;-0.00281612;-1.55856;5.46698e-07;-0.00201882;0
0.00388051;-1.56542;-0.0044995;-1.55758;1.13693e-06;-0.00217575;0
0.00553963;-1.56529;-0.00642048;-1.5575;1.80683e-06;-0.00218819;0
0.0073558;-1.56543;-0.00852473;-1.5581;2.53747e-06;-0.00208462;0
0.00929343;-1.56574;-0.0107742;-1.55918;3.20344e-06;-0.00190688;0
0.0113308;-1.56619;-0.0131367;-1.56059;3.90158e-06;-0.00166941;0
0.0134418;-1.56674;-0.0155953;-1.56223;4.86065e-06;-0.00140968;0
0.0156124;-1.56731;-0.0181332;-1.56394;5.59752e-06;-0.00112188;0
0.0178399;-1.56792;-0.0207323;-1.56574;6.10049e-06;-0.000820776;0
0.02011;-1.56851;-0.0233889;-1.56751;6.10049e-06;-0.000524674;0
0.0224342;-1.56913;-0.0260841;-1.56927;6.62375e-06;-0.000242453;0
0.024794;-1.5697;-0.0288263;-1.57092;6.62375e-06;2.99705e-05;0
0.0271942;-1.57024;-0.0316094;-1.57249;6.62375e-06;0.000289612;0
0.0296281;-1.57072;-0.03444;-1.57392;6.62375e-06;0.000524063;0
0.0321081;-1.57117;-0.0373111;-1.57523;6.62375e-06;0.000742458;0
0.0346302;-1.57155;-0.0402289;-1.57639;6.62375e-06;0.000934958;0
0.0372032;-1.57189;-0.04319;-1.57742;5.45405e-06;0.00110807;0
0.03983;-1.57218;-0.0462002;-1.5783;5.45405e-06;0.00125436;0
0.0425106;-1.57239;-0.0492661;-1.57902;4.22582e-06;0.00137464;0
0.0452515;-1.57256;-0.0523888;-1.5796;4.22582e-06;0.00147253;0
0.0480612;-1.57268;-0.055571;-1.58006;2.92788e-06;0.00155097;0
0.0509443;-1.57272;-0.0588186;-1.58036;2.92788e-06;0.00160466;0
0.0539064;-1.57274;-0.0621341;-1.58053;2.92788e-06;0.00163892;0
0.0569517;-1.57272;-0.065521;-1.58059;1.50294e-06;0.00165214;0
0.0600901;-1.57264;-0.068985;-1.58051;2.67618e-08;0.00164192;0
0.0633284;-1.5725;-0.0725281;-1.58026;-3.03567e-06;0.00160457;0
0.0666702;-1.57233;-0.0761583;-1.57991;-3.03567e-06;0.00155237;0
0.0701261;-1.5721;-0.0798787;-1.57943;-3.03567e-06;0.00147797;0
0.073706;-1.57184;-0.0836981;-1.57883;-3.03567e-06;0.001384;0
0.0774123;-1.57152;-0.0876123;-1.57809;-6.60492e-06;0.00126888;0
0.0812638;-1.57114;-0.0916276;-1.57722;-1.03274e-05;0.00113006;0
0.0852623;-1.57076;-0.0957581;-1.57626;-1.03274e-05;0.000973932;0
0.0894208;-1.57033;-0.100002;-1.57517;-1.03274e-05;0.000801697;0
0.0937541;-1.56985;-0.10436;-1.57394;-1.03274e-05;0.000607278;0
0.0982769;-1.56934;-0.108838;-1.57263;-1.03274e-05;0.000396022;0
0.102991;-1.56881;-0.113451;-1.57121;-1.03274e-05;0.000166768;0
0.107915;-1.56824;-0.118194;-1.56968;-1.03274e-05;-8.68747e-05;0
0.113066;-1.56766;-0.123076;-1.56804;-1.03274e-05;-0.000353193;0
0.118466;-1.56705;-0.128097;-1.56632;-4.97708e-06;-0.000618394;0
0.124106;-1.56646;-0.133268;-1.56455;-4.97708e-06;-0.000910662;0
0.130007;-1.5659;-0.138592;-1.56271;-4.97708e-06;-0.00121691;0
0.136207;-1.56533;-0.144066;-1.5608;-4.97708e-06;-0.00156666;0
0.142713;-1.56475;-0.14969;-1.55885;-4.97708e-06;-0.00191472;0
0.149522;-1.5642;-0.155475;-1.55683;-4.97708e-06;-0.00226828;0
0.156679;-1.5637;-0.161422;-1.55478;-4.97708e-06;-0.00263862;0
0.16422;-1.5632;-0.167518;-1.55274;-4.97708e-06;-0.0029714;0
0.172127;-1.56275;-0.173787;-1.55068;-4.97708e-06;-0.00333971;0
0.180436;-1.5624;-0.180217;-1.54866;-4.97708e-06;-0.00370656;0
0.189164;-1.56218;-0.186827;-1.54673;-4.97708e-06;-0.00408658;0
0.198322;-1.56207;-0.193578;-1.54491;-5.2358e-06;-0.00444132;0
0.20794;-1.56212;-0.200482;-1.54318;1.33606e-05;-0.0047572;0
0.21802;-1.56232;-0.207547;-1.54161;1.33606e-05;-0.00505164;0
0.228576;-1.56266;-0.214758;-1.54015;3.34841e-05;-0.00535889;0
0.239622;-1.56326;-0.222134;-1.53897;5.43841e-05;-0.00565076;0
0.251166;-1.56412;-0.229644;-1.53813;7.58528e-05;-0.00588166;0
0.263223;-1.56524;-0.237266;-1.53758;7.58528e-05;-0.00605763;0
0.275787;-1.56667;-0.245001;-1.53727;9.86e-05;-0.00624103;0
0.288851;-1.56842;-0.252861;-1.53748;9.86e-05;-0.00636494;0
0.30242;-1.57048;-0.260771;-1.53803;9.86e-05;-0.00638129;0
0.316466;-1.57295;-0.268781;-1.53916;0.000122494;-0.00637089;0
0.33099;-1.57585;-0.276895;-1.54089;0.000146625;-0.00622245;0
0.345945;-1.57924;-0.285048;-1.54325;0.00019458;-0.00603924;0
0.361333;-1.58307;-0.293248;-1.54617;0.00019458;-0.00574962;0
0.377114;-1.58746;-0.301411;-1.54984;0.000268781;-0.00535413;0
0.393217;-1.5923;-0.309604;-1.55413;0.000268781;-0.00482846;0
0.409596;-1.59776;-0.31777;-1.55934;0.000268781;-0.0040882;0
0.426199;-1.60364;-0.325915;-1.56516;0.000268781;-0.00338332;0
0.443004;-1.61014;-0.334025;-1.57193;0.000268781;-0.00256875;0
0.459909;-1.61712;-0.342024;-1.57937;0.000268781;-0.00146057;0
0.476867;-1.62458;-0.350005;-1.5876;0.000268781;-0.000435752;0
0.49386;-1.63253;-0.357876;-1.59656;0.000268781;0.000899721;0
0.510663;-1.64098;-0.365649;-1.60635;0.000240436;0.00246359;0
0.527586;-1.64966;-0.373251;-1.61637;0.000240436;0.00404287;0
0.544212;-1.65884;-0.380769;-1.62742;0.000240436;0.00553189;0
0.560564;-1.66824;-0.388139;-1.63881;0.000220759;0.00731339;0
0.57663;-1.67801;-0.395382;-1.65083;0.000220759;0.00922569;0
0.592477;-1.68797;-0.402437;-1.66319;0.000193216;0.0110302;0
0.607826;-1.69814;-0.409373;-1.67597;-0.000122552;0.0129275;0
0.622831;-1.70856;-0.416156;-1.68918;-0.000313989;0.0151806;0
0.637585;-1.71884;-0.422751;-1.70223;-0.000341417;0.0172665;0
0.651892;-1.72915;-0.429139;-1.71544;-0.000368561;0.0194512;0
0.665853;-1.73959;-0.435349;-1.72881;-0.000716297;0.0214299;0
0.679216;-1.74971;-0.441529;-1.74196;-0.00089683;0.0234458;0
0.692259;-1.75976;-0.447465;-1.7549;-0.000943571;0.0254618;0
0.704907;-1.76975;-0.453174;-1.7678;-0.000993598;0.0276145;0
0.717015;-1.77961;-0.45875;-1.7805;-0.00102556;0.0297326;0
0.728695;-1.78923;-0.464245;-1.79292;-0.00106327;0.0317951;0
0.739937;-1.79871;-0.469532;-1.80487;-0.0010984;0.0339403;0
0.750784;-1.80779;-0.474692;-1.81655;-0.00114183;0.0357924;0
0.76138;-1.81668;-0.479634;-1.82768;-0.00117431;0.03759;0
0.771529;-1.82534;-0.484447;-1.83855;-0.00119391;0.0393177;0
0.781283;-1.83371;-0.489166;-1.84898;-0.00141448;0.0411249;0
0.790762;-1.84177;-0.493736;-1.85888;-0.00145202;0.0428871;0
0.799981;-1.84951;-0.498163;-1.86818;-0.00164324;0.0443357;0
0.808919;-1.85703;-0.502459;-1.87705;-0.0017129;0.045761;0
0.817556;-1.86418;-0.506679;-1.88531;-0.00184666;0.0470654;0
0.825909;-1.87119;-0.510742;-1.89319;-0.00209903;0.0485338;0
0.83403;-1.87786;-0.514684;-1.90053;-0.002229;0.0497696;0
0.841961;-1.88436;-0.518517;-1.9074;-0.00237066;0.0509393;0
0.84968;-1.89059;-0.522253;-1.91371;-0.00240492;0.0520635;0
0.857282;-1.89667;-0.525875;-1.91958;-0.00247645;0.0530613;0
0.864686;-1.9026;-0.529471;-1.92498;-0.00252857;0.05393;0
0.871989;-1.90824;-0.532921;-1.9299;-0.00260807;0.0547152;0
0.879204;-1.91368;-0.536279;-1.93432;-0.00272706;0.0554273;0
0.886325;-1.91897;-0.539574;-1.93827;-0.00278035;0.0560605;0
0.89334;-1.92405;-0.542782;-1.94174;-0.00296284;0.0565817;0
0.900303;-1.92891;-0.545903;-1.9448;-0.00301656;0.0570198;0
0.907216;-1.93365;-0.548973;-1.94738;-0.00312676;0.0573818;0
0.914083;-1.93828;-0.551966;-1.94959;-0.00324893;0.0577497;0
0.920907;-1.94279;-0.55486;-1.95146;-0.00331661;0.0579642;0
0.927764;-1.94714;-0.557693;-1.95291;-0.00339433;0.0581165;0
0.934594;-1.95143;-0.560463;-1.95397;-0.00345231;0.0581995;0
0.941451;-1.95568;-0.563176;-1.95475;-0.00359257;0.0581846;0
0.94833;-1.9598;-0.565814;-1.95513;-0.00366525;0.0581444;0
0.955213;-1.96385;-0.568397;-1.95515;-0.00373905;0.0580404;0
0.962159;-1.96779;-0.570904;-1.95483;-0.0038326;0.0578684;0
0.969151;-1.97172;-0.573328;-1.95423;-0.00392528;0.0576192;0
0.976204;-1.97555;-0.575689;-1.95325;-0.00401669;0.0572656;0
0.983304;-1.97934;-0.577964;-1.95202;-0.00412451;0.0568384;0
0.990517;-1.98302;-0.58014;-1.95041;-0.00419547;0.0563445;0
0.997769;-1.9867;-0.58225;-1.94857;-0.0042875;0.0558256;0
1.00511;-1.99031;-0.584292;-1.9464;-0.0044058;0.0552109;0
1.01255;-1.99387;-0.586199;-1.94398;-0.00451615;0.0544425;0
1.02009;-1.99744;-0.588015;-1.94133;-0.00459094;0.0536757;0
1.02769;-2.00096;-0.589753;-1.9384;-0.00471498;0.0528774;0
1.03537;-2.00446;-0.59139;-1.93524;-0.00480922;0.0519447;0
1.04315;-2.00791;-0.592926;-1.93178;-0.0048966;0.0509817;0
1.05104;-2.0113;-0.594347;-1.92807;-0.00496916;0.0499329;0
1.05899;-2.0147;-0.59568;-1.92414;-0.00505698;0.0488699;0
1.06708;-2.01803;-0.596855;-1.91993;-0.00511682;0.0476872;0
1.07521;-2.0213;-0.597933;-1.9155;-0.00522328;0.0464478;0
1.08346;-2.02455;-0.598873;-1.91083;-0.00531171;0.0450336;0
1.09178;-2.02777;-0.599696;-1.90596;-0.00545779;0.043682;0
1.10019;-2.031;-0.6004;-1.90095;-0.00556985;0.0421997;0
1.10872;-2.0342;-0.600924;-1.89572;-0.00566169;0.0407042;0
1.11732;-2.03737;-0.601314;-1.8903;-0.00572691;0.039148;0
1.12597;-2.04044;-0.601589;-1.88464;-0.00576844;0.0374647;0
1.13476;-2.04351;-0.601719;-1.87882;-0.00581934;0.0356194;0
1.14359;-2.04653;-0.601692;-1.87279;-0.00586414;0.0338007;0
1.15252;-2.0495;-0.601509;-1.86661;-0.00597998;0.0318449;0
1.16149;-2.05241;-0.601175;-1.86029;-0.00597965;0.029863;0
1.17057;-2.05533;-0.600696;-1.85379;-0.00602686;0.0277618;0
1.17971;-2.05811;-0.600057;-1.84702;-0.00610691;0.0254624;0
1.18893;-2.06087;-0.599255;-1.84014;-0.00610295;0.0231606;0
1.19818;-2.06365;-0.598277;-1.83315;-0.00614049;0.0207647;0
1.20757;-2.06639;-0.597096;-1.82601;-0.00619817;0.0183365;0
1.21697;-2.06898;-0.595831;-1.81867;-0.006295;0.0157735;0
1.22647;-2.0715;-0.594395;-1.81117;-0.00628801;0.0131738;0
1.236;-2.07398;-0.592766;-1.80351;-0.00628801;0.0104329;0
