0
0.000403331
0.00074322
0.00106221
0.00136826
0.00162562
0.00182032
0.00202953
0.00224709
0.00237638
0.00252574
0.0026024
0.00271225
0.00280466
0.00292598
0.00303092
0.00308958
0.00311578
0.00315644
0.00322687
0.00329959
0.00341063
0.00347569
0.00348565
0.00348213
0.00350266
0.00344899
0.0034211
0.0034097
0.00337855
0.00337887
0.00326104
0.00325051
0.00321787
0.00328329
0.00320483
0.00323297
0.00319842
0.00322594
0.00319252
0.00315152
0.00311758
0.00310174
0.00314414
0.00306061
0.00297644
0.00298514
0.00297054
0.00293875
0.00287923
0.00287318
0.00279546
0.00274288
0.00275262
0.00273627
0.00272913
0.00270714
0.00268378
0.00269453
0.00272519
0.00274722
0.00276995
0.00271153
0.00269996
0.00269153
0.00268747
0.00265975
0.00265869
0.00264789
0.00263378
0.00261266
0.00263012
0.00262261
0.00259777
0.00259292
0.00258234
0.00257077
0.00256854
0.00254027
0.00255195
0.0025509
0.00253564
0.00250881
0.0024694
0.00248434
0.00247921
0.00248238
0.00243558
0.00242226
0.00242372
0.0024237
0.00243073
0.00243803
0.00243256
0.00243717
0.00245671
0.00245997
0.00245815
0.00247533
0.00248989
0.0025088
0.00249029
0.00248454
0.00248762
0.00251198
0.00251519
0.00254083
0.00255722
0.00255317
0.00256445
0.00256587
0.00258994
0.00260396
0.00259464
0.00260809
0.00262199
0.00264153
0.00265007
0.00266297
0.00269102
0.0027066
0.00274332
0.00277338
0.00280698
0.00280833
0.00282492
0.00285221
0.0028874
0.00291574
0.00292608
0.00299564
0.00300265
0.00300838
0.00303641
0.00310834
0.00316764
0.00317025
0.00319523
0.00323528
0.00326591
0.00331692
0.00334919
0.00342079
0.00350547
0.00353487
0.0035302
0.00355259
0.00358687
0.00358377
0.00367553
0.0036924
0.00377657
