0
0.0100472
0.0203931
0.0308356
0.0414586
0.0519638
0.0630572
0.0742064
0.0853417
0.0969911
0.108736
0.120946
0.13308
0.145288
0.157309
0.169736
0.182511
0.195498
0.208422
0.221173
0.234144
0.246968
0.260194
0.273531
0.287182
0.300751
0.315064
0.329072
0.343028
0.356758
0.369566
0.38329
0.397404
0.411445
0.425721
0.440207
0.454
0.468296
0.481864
0.495906
0.510775
0.524956
0.538927
0.553957
0.568413
0.582708
0.597611
0.611866
0.626523
0.641368
0.656435
0.671259
0.686388
0.700582
0.714134
0.728688
0.743477
0.758321
0.772689
0.786732
0.800702
0.81467
0.829709
0.843854
0.857649
0.872051
0.885896
0.900244
0.914436
0.927855
0.941287
0.955417
0.969198
0.983446
0.997464
1.01199
1.02574
1.03968
1.05358
1.06734
1.08071
1.09383
1.10719
1.1206
1.13365
1.14701
1.16028
1.1731
1.18564
1.19783
1.21042
1.22282
1.2349
1.24653
1.2585
1.27003
1.28204
1.29358
1.30495
1.31627
1.32713
1.33771
1.34831
1.35887
1.36924
1.37937
1.38924
1.39931
1.40896
1.41819
1.42723
1.43632
1.44536
1.4541
1.46262
1.47123
1.47946
1.48765
1.49556
1.50324
1.51074
1.51832
1.52553
1.53268
1.53952
1.54626
1.55296
1.55946
1.56561
1.57178
1.57771
1.58353
1.58911
1.59437
1.59986
1.60537
1.6106
1.61547
1.62032
1.6251
1.62995
1.63501
1.63944
1.64377
1.64811
1.65228
1.65653
1.66043
1.66496
1.6689
1.67238
1.67692
