0;-1.5708;0;-1.5708;0;0;0
0.00997687;-1.5745;0.00167891;-1.57881;0;0.0135958;0
0.0200854;-1.57828;0.00331264;-1.58685;-0.000166053;0.0273594;0
0.0301249;-1.58197;0.00473733;-1.59469;-0.000498628;0.0418517;0
0.0401703;-1.58567;0.00601963;-1.6024;-0.00100531;0.0563162;0
0.0501837;-1.58933;0.00712559;-1.60993;-0.00142456;0.0718907;0
0.0603322;-1.59306;0.00820648;-1.6175;-0.00229651;0.087476;0
0.0703474;-1.59662;0.00904228;-1.62486;-0.00336053;0.103147;0
0.0801878;-1.60006;0.00960401;-1.63189;-0.00458529;0.119619;0
0.0903097;-1.6037;0.0102695;-1.63911;-0.00604138;0.13564;0
0.100121;-1.60709;0.0105715;-1.6459;-0.00790489;0.152958;0
0.110174;-1.61061;0.0109538;-1.65289;-0.00999015;0.169592;0
0.120004;-1.61402;0.011039;-1.65946;-0.0122259;0.186899;0
0.129737;-1.61727;0.0109379;-1.66592;-0.0146305;0.204494;0
0.139184;-1.6204;0.0105215;-1.67189;-0.0171341;0.223194;0
0.148572;-1.6234;0.00994704;-1.67777;-0.0201039;0.241907;0
0.158082;-1.62635;0.00937427;-1.68383;-0.0233007;0.259925;0
0.167609;-1.62936;0.00871971;-1.68976;-0.0266934;0.278207;0
0.176926;-1.63223;0.0078235;-1.69537;-0.0302321;0.297086;0
0.186001;-1.63496;0.00663883;-1.70061;-0.0338413;0.316505;0
0.194937;-1.63753;0.00529458;-1.7057;-0.0378096;0.336073;0
0.203633;-1.63994;0.00371365;-1.71047;-0.0418718;0.355891;0
0.212362;-1.64238;0.00208208;-1.71519;-0.0463021;0.375837;0
0.22118;-1.64485;0.00042853;-1.71995;-0.0507546;0.395765;0
0.229984;-1.64732;-0.00128089;-1.72464;-0.0555359;0.415501;0
0.23857;-1.64962;-0.00321971;-1.72905;-0.0604531;0.435542;0
0.247413;-1.6521;-0.00503922;-1.73366;-0.0658573;0.45496;0
0.256062;-1.6544;-0.00704478;-1.73807;-0.0711519;0.474508;0
0.264469;-1.65651;-0.00931472;-1.74216;-0.0766353;0.494589;0
0.272842;-1.65859;-0.0116701;-1.74616;-0.081927;0.514828;0
0.280984;-1.66036;-0.014351;-1.74991;-0.0865296;0.535292;0
0.289543;-1.66253;-0.0167491;-1.75397;-0.0916298;0.555271;0
0.29759;-1.6643;-0.0195169;-1.75755;-0.0976319;0.575355;0
0.305626;-1.66605;-0.0223662;-1.76104;-0.103574;0.595509;0
0.313186;-1.66742;-0.0255536;-1.76412;-0.110229;0.615701;0
0.321278;-1.66922;-0.0284188;-1.7676;-0.116559;0.635535;0
0.328776;-1.67042;-0.0318363;-1.77055;-0.122792;0.655812;0
0.336515;-1.67184;-0.0351123;-1.77365;-0.129289;0.675663;0
0.343931;-1.67304;-0.0386673;-1.77637;-0.135378;0.695862;0
0.351441;-1.67422;-0.0422144;-1.77922;-0.141847;0.715972;0
0.358927;-1.67535;-0.0457815;-1.78207;-0.149168;0.735663;0
0.366312;-1.67632;-0.0495785;-1.78475;-0.155902;0.755458;0
0.373669;-1.67732;-0.0534267;-1.78732;-0.162456;0.774982;0
0.380646;-1.6781;-0.0574011;-1.7896;-0.170448;0.794558;0
0.388045;-1.67907;-0.0613248;-1.79217;-0.177445;0.814131;0
0.395455;-1.68008;-0.0653047;-1.79465;-0.184268;0.833549;0
0.402358;-1.68061;-0.069586;-1.7968;-0.192209;0.852835;0
0.409313;-1.68115;-0.0739997;-1.79886;-0.199449;0.872197;0
0.41632;-1.68173;-0.0783886;-1.80096;-0.207039;0.891259;0
0.423374;-1.68231;-0.082798;-1.80309;-0.214771;0.910215;0
0.430156;-1.6826;-0.0874114;-1.80502;-0.222996;0.928916;0
0.437252;-1.68316;-0.0919718;-1.80705;-0.230665;0.947461;0
0.444255;-1.68369;-0.0965808;-1.80898;-0.238732;0.965712;0
0.450954;-1.68388;-0.101526;-1.8106;-0.24617;0.984126;0
0.457705;-1.68406;-0.106604;-1.81215;-0.252913;1.00274;0
0.464377;-1.68413;-0.111695;-1.81372;-0.260738;1.02079;0
0.471115;-1.68429;-0.116803;-1.81524;-0.268731;1.03856;0
0.477874;-1.6844;-0.121977;-1.81677;-0.276761;1.05597;0
0.484377;-1.68429;-0.127378;-1.81804;-0.284569;1.07376;0
0.490764;-1.68403;-0.132995;-1.81913;-0.29217;1.09141;0
0.49717;-1.6837;-0.138707;-1.82021;-0.299678;1.10886;0
0.503602;-1.68347;-0.144451;-1.82118;-0.307159;1.12612;0
0.5104;-1.68352;-0.149959;-1.82249;-0.315343;1.1428;0
0.516977;-1.6833;-0.155789;-1.8235;-0.322856;1.15954;0
0.523518;-1.683;-0.161778;-1.82441;-0.330055;1.17622;0
0.530046;-1.68271;-0.16774;-1.82531;-0.337874;1.1925;0
0.536647;-1.68242;-0.17391;-1.82609;-0.345064;1.20868;0
0.543183;-1.68216;-0.18002;-1.82684;-0.352822;1.22453;0
0.549755;-1.68185;-0.186271;-1.82752;-0.360388;1.24004;0
0.556355;-1.68151;-0.192719;-1.82807;-0.367154;1.25555;0
0.563009;-1.68123;-0.199202;-1.82857;-0.373879;1.27084;0
0.569458;-1.68076;-0.205745;-1.829;-0.381509;1.28559;0
0.576127;-1.6805;-0.212251;-1.82947;-0.388569;1.30026;0
0.582882;-1.6803;-0.218762;-1.82997;-0.396011;1.31436;0
0.589542;-1.67999;-0.225414;-1.83034;-0.403317;1.32833;0
0.596212;-1.67975;-0.232068;-1.83065;-0.411121;1.3418;0
0.602904;-1.67949;-0.23892;-1.83079;-0.418128;1.35521;0
0.609691;-1.67939;-0.245683;-1.83097;-0.425233;1.36814;0
0.616416;-1.67916;-0.252711;-1.83094;-0.432363;1.38061;0
0.622948;-1.67881;-0.25986;-1.83072;-0.439544;1.39291;0
0.629807;-1.67877;-0.266888;-1.83064;-0.446007;1.40475;0
0.636632;-1.67868;-0.274097;-1.83039;-0.452259;1.41648;0
0.643645;-1.67888;-0.281165;-1.83018;-0.458562;1.42774;0
0.650928;-1.67939;-0.28812;-1.83004;-0.464635;1.43807;0
0.657689;-1.67941;-0.295459;-1.82949;-0.470886;1.44846;0
0.664772;-1.67983;-0.302576;-1.82908;-0.477124;1.45802;0
0.671657;-1.68004;-0.309888;-1.82848;-0.483463;1.46749;0
0.679012;-1.68079;-0.317083;-1.82793;-0.488883;1.47628;0
0.686106;-1.68133;-0.324475;-1.82713;-0.494291;1.48459;0
0.692895;-1.68162;-0.33213;-1.82601;-0.49966;1.49293;0
0.69979;-1.68211;-0.339632;-1.82495;-0.505322;1.50095;0
0.706725;-1.68271;-0.347137;-1.82382;-0.510747;1.50827;0
0.71376;-1.68347;-0.354627;-1.82264;-0.515761;1.51508;0
0.721076;-1.68461;-0.362019;-1.82146;-0.520038;1.52133;0
0.728107;-1.68553;-0.369527;-1.82009;-0.524942;1.52736;0
0.734957;-1.68632;-0.377201;-1.81851;-0.529597;1.53308;0
0.742018;-1.68746;-0.384642;-1.81701;-0.534513;1.53797;0
0.748923;-1.68853;-0.392264;-1.81526;-0.539128;1.54253;0
0.755809;-1.68963;-0.399868;-1.81346;-0.543583;1.54654;0
0.762669;-1.69082;-0.407456;-1.81156;-0.548024;1.55;0
0.769561;-1.69215;-0.415051;-1.80955;-0.551966;1.55301;0
0.776424;-1.6935;-0.422785;-1.80735;-0.555666;1.556;0
0.783164;-1.69488;-0.430492;-1.80502;-0.559507;1.55834;0
0.789803;-1.6962;-0.438229;-1.80261;-0.563412;1.56035;0
0.79621;-1.69737;-0.446054;-1.80004;-0.567372;1.56194;0
0.802795;-1.69883;-0.453796;-1.79743;-0.570904;1.56314;0
0.809174;-1.70017;-0.461609;-1.79466;-0.574388;1.56395;0
0.815677;-1.70176;-0.469272;-1.79192;-0.577951;1.56436;0
0.822029;-1.70322;-0.477121;-1.78897;-0.581243;1.5644;0
0.828323;-1.70476;-0.484962;-1.78588;-0.584182;1.56406;0
0.834496;-1.7062;-0.492899;-1.78267;-0.587054;1.56327;0
0.840546;-1.70764;-0.500786;-1.7794;-0.590094;1.56212;0
0.846521;-1.70909;-0.508684;-1.77601;-0.593167;1.56062;0
0.852485;-1.71061;-0.51664;-1.77249;-0.595956;1.55877;0
0.858248;-1.71197;-0.524666;-1.76885;-0.598724;1.55661;0
0.863967;-1.7134;-0.532621;-1.76516;-0.601635;1.55406;0
0.869561;-1.71473;-0.540678;-1.76135;-0.604293;1.55115;0
0.875013;-1.716;-0.54879;-1.7574;-0.607049;1.54802;0
0.880469;-1.71732;-0.556915;-1.75339;-0.609534;1.54462;0
0.88563;-1.71831;-0.565189;-1.74925;-0.612083;1.54072;0
0.890756;-1.71938;-0.573477;-1.74499;-0.614495;1.53657;0
0.895863;-1.72046;-0.581712;-1.74074;-0.617001;1.53229;0
0.900732;-1.72131;-0.590112;-1.73632;-0.619385;1.52747;0
0.905558;-1.72216;-0.59852;-1.73184;-0.621755;1.52247;0
0.910208;-1.72282;-0.607122;-1.72718;-0.623996;1.51699;0
0.91477;-1.72347;-0.615681;-1.72247;-0.626225;1.511;0
0.91917;-1.72389;-0.62436;-1.71771;-0.628587;1.5049;0
0.923451;-1.72423;-0.633071;-1.71288;-0.630869;1.49835;0
0.927652;-1.72448;-0.641899;-1.70793;-0.632892;1.49155;0
0.931753;-1.72467;-0.650767;-1.7029;-0.635034;1.4842;0
0.935907;-1.72498;-0.659519;-1.69792;-0.636881;1.47691;0
0.939792;-1.72487;-0.66859;-1.69276;-0.638909;1.46886;0
0.943457;-1.72449;-0.677835;-1.68746;-0.640912;1.46049;0
0.947218;-1.72427;-0.686998;-1.68219;-0.64251;1.45181;0
0.950953;-1.72405;-0.69605;-1.677;-0.64436;1.44299;0
0.954597;-1.72376;-0.705135;-1.67174;-0.646325;1.43363;0
0.957976;-1.72302;-0.714573;-1.66631;-0.648291;1.42351;0
0.961268;-1.72221;-0.724087;-1.66078;-0.649988;1.41337;0
0.964616;-1.7215;-0.733505;-1.6553;-0.651619;1.40276;0
0.967904;-1.7206;-0.743076;-1.64979;-0.653234;1.39181;0
0.971137;-1.71971;-0.752541;-1.64431;-0.654986;1.38029;0
0.974293;-1.71864;-0.762069;-1.63886;-0.657039;1.36805;0
0.977317;-1.71737;-0.771767;-1.63331;-0.65859;1.35595;0
0.980377;-1.7162;-0.781303;-1.62784;-0.660013;1.34298;0
0.983289;-1.71457;-0.791281;-1.62224;-0.661611;1.32977;0
0.986022;-1.71261;-0.801427;-1.6166;-0.663236;1.31554;0
0.988828;-1.71082;-0.811454;-1.61099;-0.664858;1.3011;0
0.991606;-1.70902;-0.821433;-1.60539;-0.666182;1.28594;0
0.994264;-1.70685;-0.831586;-1.59985;-0.668263;1.27004;0
0.997175;-1.70523;-0.84133;-1.59443;-0.669501;1.2541;0
0.999836;-1.70296;-0.851709;-1.58876;-0.670545;1.2377;0
1.00269;-1.701;-0.861614;-1.58345;-0.672449;1.22091;0
