0
0.0047987
0.00916781
0.0132015
0.0169761
0.0205477
0.0239849
0.0273061
0.0305549
0.0337464
0.0369263
0.0401133
0.0432988
0.0464944
0.0497107
0.0529576
0.0562552
0.0595806
0.0629302
0.0663285
0.0697471
0.0731995
0.0766871
0.0802051
0.0837407
0.0872954
0.0908785
0.0944844
0.0981022
0.10172
0.105347
0.108988
0.112641
0.116295
0.119958
0.12362
0.127267
0.130919
0.134568
0.138207
0.141829
0.145445
0.149015
0.152584
0.156132
0.159638
0.163114
0.166543
0.169935
0.1733
0.176584
0.179832
0.182971
0.186057
0.189088
0.191951
0.19479
0.197461
0.200062
0.202497
0.204825
0.206985
0.208931
0.210685
0.212222
0.213571
0.214663
0.215514
0.216078
0.216362
0.216316
0.215981
0.215231
0.214172
0.212713
0.210888
0.208882
0.206288
0.203442
0.200108
0.19664
0.19282
0.188846
0.184376
0.179723
0.175135
0.170069
0.164577
0.15931
0.15413
0.148993
0.143762
0.138384
0.133109
0.128039
0.122896
0.11784
0.11294
0.108061
0.103348
0.0987629
0.0942967
0.0899884
0.0858467
0.081738
0.0779446
0.0741567
0.0705394
0.0669124
0.0634296
0.0601702
0.0569841
0.0538825
0.0509078
0.048047
0.0452899
0.0426397
0.0401436
0.0376967
0.035385
0.0331293
0.0309929
0.0289669
0.0270379
0.0252028
0.0234372
0.0217625
0.0201424
0.0185997
0.0171609
0.0158157
0.0145406
0.0133051
0.0121491
0.0110543
0.0100611
0.00906013
0.00819626
0.00732386
0.00653924
0.0057582
0.00510198
0.00445922
0.00391228
0.00334098
0.00287221
0.00243988
0.00209257
0.00172742
0.00145733
0.00130272
0.00134858
