0
8.79765e-05
0.00121522
0.00315714
0.00572205
0.0087862
0.0121939
0.0158734
0.0197015
0.0237029
0.0277407
0.0317371
0.035722
0.0396805
0.0435688
0.0474088
0.0510814
0.0546846
0.058229
0.0616431
0.0649986
0.0682633
0.0714214
0.0744944
0.0774863
0.080416
0.0832682
0.0860388
0.0887659
0.0913129
0.0940104
0.0966172
0.0990152
0.10154
0.104036
0.106553
0.109067
0.111523
0.113925
0.116333
0.11882
0.121246
0.123842
0.126368
0.12897
0.131582
0.134262
0.137054
0.139816
0.142757
0.145916
0.148996
0.152458
0.156053
0.159646
0.163889
0.167954
0.172591
0.177418
0.182584
0.188098
0.194257
0.200985
0.208334
0.215454
0.224043
0.233138
0.243621
0.255016
0.268532
0.281986
0.296163
0.31128
0.328056
0.342274
0.356443
0.369325
0.403529
0.428995
0.437273
0.457716
0.490018
0.517436
0.539804
0.56059
0.580093
0.597981
0.629617
0.65425
0.682726
0.70205
0.727347
0.752526
0.775057
0.798883
0.822177
0.843178
0.862545
0.882928
0.900615
0.918085
0.934155
0.952565
0.967603
0.981251
0.994003
1.00768
1.02173
1.03558
1.04647
1.0585
1.07021
1.08135
1.0909
1.10085
1.11035
1.11977
1.12845
1.13723
1.14483
1.1523
1.15963
1.16641
1.17279
1.17899
1.1851
1.19081
1.19632
1.20154
1.20648
1.21135
1.2159
1.2203
1.22428
1.22832
1.23188
1.23577
1.23861
1.24195
1.24428
1.24758
1.25022
1.25269
1.25461
1.25732
1.25895
1.2604
1.26188
1.26223
1.26347
1.26466
1.26581
