0;-1.5708;0;-1.5708;0;0;0
9.53288e-05;-1.57031;-0.001734;-1.56964;0;1.80722e-06;0
0.0012224;-1.5702;-0.00310485;-1.5695;0;0.000317462;0
0.00315836;-1.57041;-0.00419334;-1.57015;-1.88785e-07;0.000897666;0
0.00571259;-1.57084;-0.00507857;-1.57139;-8.00666e-07;0.00163785;0
0.00876233;-1.57147;-0.00579757;-1.57311;-1.66308e-06;0.00252678;0
0.0121526;-1.57223;-0.00643079;-1.57512;-3.88181e-06;0.00349915;0
0.0158114;-1.57309;-0.00699842;-1.57737;-6.61504e-06;0.00455261;0
0.019617;-1.57397;-0.00756763;-1.57974;-1.03167e-05;0.00564225;0
0.0235943;-1.57495;-0.00808822;-1.58224;-1.49914e-05;0.00676981;0
0.0276075;-1.57594;-0.00865248;-1.58472;-2.05609e-05;0.00788127;0
0.0315783;-1.57688;-0.00931357;-1.58711;-2.71356e-05;0.00896971;0
0.0355388;-1.57781;-0.0100311;-1.58944;-3.28128e-05;0.0101009;0
0.0394706;-1.57871;-0.0108149;-1.5917;-4.03152e-05;0.0111627;0
0.0433338;-1.57957;-0.011684;-1.59386;-4.79391e-05;0.0122161;0
0.0471482;-1.58043;-0.0126178;-1.5959;-5.70998e-05;0.0132532;0
0.0507954;-1.58117;-0.0137183;-1.59772;-6.64476e-05;0.0142281;0
0.0543725;-1.58188;-0.0149081;-1.59942;-7.78001e-05;0.0151304;0
0.0578897;-1.58255;-0.016179;-1.601;-9.09796e-05;0.0159921;0
0.0612782;-1.58315;-0.0175882;-1.60239;-0.00010423;0.0168303;0
0.0646069;-1.58371;-0.0190875;-1.60367;-0.000119477;0.0176044;0
0.0678455;-1.58423;-0.0207038;-1.60479;-0.000134869;0.0183341;0
0.0709788;-1.58467;-0.0224557;-1.60574;-0.000150229;0.0190097;0
0.0740277;-1.58505;-0.0243355;-1.60653;-0.000166009;0.0196834;0
0.0769954;-1.58537;-0.0263506;-1.60717;-0.000182427;0.0203897;0
0.0799021;-1.58564;-0.0284857;-1.60768;-0.000198861;0.0210313;0
0.0827318;-1.58585;-0.0307589;-1.60804;-0.000215686;0.0215684;0
0.0854761;-1.58599;-0.0331905;-1.60822;-0.000237348;0.0221355;0
0.0881818;-1.58607;-0.035751;-1.60828;-0.000255233;0.0225753;0
0.0908313;-1.58608;-0.0384657;-1.60821;-0.000150166;0.0230718;0
0.0935036;-1.5861;-0.0412661;-1.60806;-0.00017308;0.0234366;0
0.0960906;-1.58604;-0.0442538;-1.60772;-0.000192122;0.0238998;0
0.0986118;-1.5859;-0.047429;-1.60721;-6.9263e-05;0.024351;0
0.101107;-1.5857;-0.0507646;-1.60657;-0.000100621;0.0247677;0
0.103583;-1.58544;-0.054266;-1.6058;-0.000122129;0.0249998;0
0.10607;-1.58514;-0.0579207;-1.60493;-0.000155318;0.0249908;0
0.108553;-1.58479;-0.0617561;-1.60392;-0.000189421;0.025152;0
0.11099;-1.58436;-0.065811;-1.60273;-0.000213229;0.0253024;0
0.11336;-1.58381;-0.0701211;-1.60134;-0.000251868;0.0255739;0
0.11575;-1.58321;-0.0746343;-1.5998;-0.000278393;0.0258246;0
0.11819;-1.58257;-0.0793335;-1.59818;-0.000333732;0.0258108;0
0.120583;-1.58179;-0.0843158;-1.59636;-0.000377258;0.0256787;0
0.123128;-1.58105;-0.0894352;-1.59451;-0.000437177;0.0255687;0
0.125618;-1.58021;-0.0948704;-1.59239;-0.000484509;0.0257568;0
0.128184;-1.57931;-0.10054;-1.59018;-0.000534037;0.025542;0
0.130756;-1.57828;-0.106531;-1.58777;-0.000587636;0.0256145;0
0.133415;-1.57722;-0.112777;-1.58523;-0.000624268;0.025651;0
0.136163;-1.57603;-0.119328;-1.5826;-0.000684119;0.0252751;0
0.138901;-1.57469;-0.126258;-1.57973;-0.000726974;0.0252377;0
0.141773;-1.57335;-0.1335;-1.57668;-0.000815792;0.0251557;0
0.144872;-1.57196;-0.140992;-1.57366;-0.000895833;0.0245842;0
0.147892;-1.57029;-0.149011;-1.57031;-0.000980091;0.0243135;0
0.151325;-1.56883;-0.157166;-1.56702;-0.00103098;0.0242536;0
0.154831;-1.56716;-0.165805;-1.56353;-0.00114385;0.0239754;0
0.158389;-1.56527;-0.174945;-1.55982;-0.00120678;0.0236658;0
0.16253;-1.56355;-0.184164;-1.55643;-0.00133216;0.0225666;0
0.166554;-1.56157;-0.19408;-1.5525;-0.00140203;0.0228151;0
0.171207;-1.55983;-0.204092;-1.54885;-0.00141113;0.0224959;0
0.175988;-1.55784;-0.21467;-1.54501;-0.0014875;0.0219699;0
0.181095;-1.5558;-0.225697;-1.5411;-0.0015756;0.0222651;0
0.186641;-1.55376;-0.23709;-1.53727;-0.0015756;0.021673;0
0.192737;-1.55173;-0.248754;-1.5337;-0.00166901;0.0199663;0
0.199396;-1.54985;-0.260711;-1.53025;-0.00176511;0.0191857;0
0.206572;-1.54811;-0.273011;-1.52684;-0.00196289;0.0193038;0
0.21441;-1.54648;-0.285607;-1.52369;-0.00126828;0.0192432;0
0.22298;-1.54506;-0.29831;-1.52095;-0.00131399;0.0181171;0
0.233629;-1.54429;-0.309926;-1.5192;-0.00131399;0.0134143;0
0.243791;-1.54338;-0.322866;-1.51731;-0.001655;0.0115997;0
0.255042;-1.54303;-0.335509;-1.51625;-0.00182185;0.00854011;0
0.267396;-1.54324;-0.347762;-1.51602;-0.00310181;0.00411572;0
0.281032;-1.54423;-0.359701;-1.51655;-0.00310181;-0.000459266;0
0.295321;-1.54555;-0.371687;-1.51742;-0.00310181;-0.00359871;0
0.310297;-1.54751;-0.383554;-1.51871;-0.00310181;-0.00274545;0
0.325452;-1.54996;-0.39582;-1.51953;-0.00433662;0.00577402;0
0.340879;-1.55293;-0.408179;-1.5203;-0.00245444;0.021189;0
0.356554;-1.55634;-0.420803;-1.52087;-2.48638e-05;0.0434068;0
0.371549;-1.56;-0.434063;-1.52043;0.00356715;0.075304;0
0.386795;-1.56396;-0.447046;-1.52055;-0.0135587;0.11217;0
0.40338;-1.56879;-0.459201;-1.52121;-0.0213874;0.149276;0
0.419456;-1.5737;-0.47211;-1.52104;-0.0120227;0.198184;0
0.43614;-1.57886;-0.484011;-1.52172;-0.0147108;0.243335;0
0.452031;-1.58395;-0.495782;-1.52212;-0.0297516;0.295158;0
0.466825;-1.58864;-0.508302;-1.52139;-0.0406964;0.355052;0
0.483822;-1.59383;-0.518937;-1.52349;-0.0451427;0.404121;0
0.500294;-1.59887;-0.529882;-1.52502;-0.0484109;0.458541;0
0.517078;-1.60382;-0.539683;-1.52775;-0.0504323;0.504839;0
0.533056;-1.60856;-0.549972;-1.52971;-0.0513366;0.561612;0
0.547892;-1.61285;-0.559789;-1.53175;-0.0668177;0.624469;0
0.56344;-1.6171;-0.56885;-1.53485;-0.0750454;0.677643;0
0.57782;-1.62077;-0.577368;-1.53797;-0.0882032;0.729974;0
0.59277;-1.62432;-0.585595;-1.54182;-0.0919079;0.776185;0
0.611713;-1.6332;-0.588327;-1.54942;-0.0979869;0.809469;0
0.630263;-1.64228;-0.590071;-1.55742;-0.104343;0.842536;0
0.64761;-1.65005;-0.592632;-1.56471;-0.109255;0.87613;0
0.664037;-1.65742;-0.594888;-1.57176;-0.116405;0.907859;0
0.68004;-1.66431;-0.597245;-1.57877;-0.123438;0.940081;0
0.694935;-1.67015;-0.600086;-1.58525;-0.129287;0.972262;0
0.709021;-1.67521;-0.603193;-1.59141;-0.134331;1.00242;0
0.723288;-1.68138;-0.605072;-1.59786;-0.14021;1.03195;0
0.736227;-1.68609;-0.607787;-1.60359;-0.144747;1.06029;0
0.749193;-1.69091;-0.610537;-1.60919;-0.14904;1.08783;0
0.761268;-1.69499;-0.613395;-1.61452;-0.152843;1.11302;0
0.772468;-1.69861;-0.615984;-1.61969;-0.159871;1.13612;0
0.783398;-1.70212;-0.619081;-1.62419;-0.163802;1.15976;0
0.793959;-1.7054;-0.622175;-1.62855;-0.166716;1.18216;0
0.803819;-1.70829;-0.62571;-1.63214;-0.169449;1.20337;0
0.812982;-1.71072;-0.62897;-1.63577;-0.173814;1.2225;0
0.821879;-1.71317;-0.632183;-1.63914;-0.178835;1.24028;0
0.830519;-1.7156;-0.635151;-1.64251;-0.183909;1.25705;0
0.838624;-1.71757;-0.638728;-1.64519;-0.186567;1.27343;0
0.846413;-1.71954;-0.64228;-1.64758;-0.190699;1.28797;0
0.853793;-1.72137;-0.64582;-1.64969;-0.194928;1.30166;0
0.860901;-1.72297;-0.649556;-1.65156;-0.19886;1.3143;0
0.8677;-1.72438;-0.653624;-1.65297;-0.201524;1.32606;0
0.874207;-1.7257;-0.657734;-1.65412;-0.204881;1.33692;0
0.880379;-1.72685;-0.661988;-1.65497;-0.208138;1.34663;0
0.886456;-1.72813;-0.666263;-1.65556;-0.211407;1.35588;0
0.892223;-1.72923;-0.67085;-1.6557;-0.214261;1.36415;0
0.897729;-1.73018;-0.675445;-1.65571;-0.217485;1.37115;0
0.903005;-1.73088;-0.680494;-1.65528;-0.219762;1.37737;0
0.908064;-1.73155;-0.685564;-1.65464;-0.222143;1.38295;0
0.912938;-1.73208;-0.690846;-1.65373;-0.22457;1.38744;0
0.917704;-1.73253;-0.696401;-1.65251;-0.226562;1.39135;0
0.92226;-1.73288;-0.702139;-1.651;-0.22837;1.39438;0
0.926691;-1.73316;-0.708053;-1.64924;-0.230124;1.39687;0
0.930969;-1.7334;-0.714039;-1.6473;-0.23196;1.39849;0
0.935138;-1.73354;-0.720266;-1.64509;-0.233498;1.39957;0
0.939192;-1.73363;-0.726599;-1.64271;-0.234965;1.40012;0
0.943102;-1.73364;-0.733094;-1.64011;-0.236296;1.4;0
0.946831;-1.73348;-0.739787;-1.63727;-0.237533;1.39843;0
0.950573;-1.73333;-0.746688;-1.63423;-0.238689;1.3968;0
0.954149;-1.73309;-0.753708;-1.63099;-0.239699;1.39419;0
0.957668;-1.73277;-0.760844;-1.62765;-0.240631;1.3911;0
0.961094;-1.7323;-0.768177;-1.62415;-0.241246;1.38659;0
0.964481;-1.73189;-0.775552;-1.62051;-0.241954;1.38177;0
0.967833;-1.73134;-0.783237;-1.61665;-0.242243;1.37636;0
0.971071;-1.73087;-0.790788;-1.61275;-0.242958;1.37106;0
0.974304;-1.73025;-0.798721;-1.60858;-0.242654;1.36418;0
0.977515;-1.72958;-0.806579;-1.60452;-0.24287;1.35666;0
0.980648;-1.72875;-0.814782;-1.60018;-0.242169;1.34852;0
0.983717;-1.72803;-0.822749;-1.5959;-0.242492;1.34026;0
0.986842;-1.72718;-0.831079;-1.59143;-0.242128;1.33098;0
0.989912;-1.72638;-0.839359;-1.5869;-0.241643;1.32146;0
0.992959;-1.72532;-0.848004;-1.58223;-0.240651;1.31062;0
0.995932;-1.72442;-0.856315;-1.57767;-0.240508;1.29992;0
0.998821;-1.72329;-0.864976;-1.57288;-0.2394;1.28777;0
1.00189;-1.72231;-0.873627;-1.56813;-0.237928;1.27569;0
1.00472;-1.72119;-0.882289;-1.56325;-0.236745;1.26225;0
1.00761;-1.71979;-0.891258;-1.55838;-0.234399;1.24788;0
1.01053;-1.71859;-0.899965;-1.55362;-0.232896;1.23385;0
1.0135;-1.71742;-0.908653;-1.5489;-0.231283;1.21947;0
1.01643;-1.71616;-0.917467;-1.5441;-0.229676;1.20487;0
