0
0.0109832
0.0221927
0.0333424
0.0446038
0.0560658
0.0675774
0.0789921
0.0905786
0.102343
0.113953
0.125837
0.137716
0.14956
0.161408
0.17319
0.185052
0.197193
0.209219
0.221447
0.233577
0.245615
0.257815
0.269845
0.28187
0.294023
0.306357
0.318502
0.330699
0.342902
0.35517
0.367366
0.379364
0.391771
0.40412
0.416043
0.428384
0.440541
0.452764
0.465122
0.477397
0.489704
0.50207
0.514286
0.526506
0.538746
0.55119
0.563604
0.575966
0.588294
0.600554
0.612852
0.625091
0.637337
0.649653
0.661811
0.674028
0.686168
0.698327
0.710431
0.722497
0.734596
0.746533
0.758397
0.770204
0.782086
0.793912
0.805686
0.817273
0.828943
0.840142
0.851843
0.863191
0.874744
0.886264
0.897382
0.908468
0.919668
0.930583
0.941291
0.951815
0.962465
0.972807
0.983104
0.993625
1.00366
1.01363
1.02369
1.03338
1.04282
1.05222
1.0618
1.0709
1.07998
1.08883
1.09761
1.10616
1.11467
1.12288
1.13114
1.1391
1.14685
1.15443
1.16193
1.1692
1.17632
1.18316
1.18987
1.19627
1.20249
1.20864
1.21465
1.22049
1.22616
1.23165
1.23697
1.24202
1.24713
1.25171
1.25632
1.26063
1.26485
1.26887
1.27266
1.27639
1.27975
1.28315
1.28645
1.28958
1.2924
1.29513
1.29768
1.30003
1.30217
1.30446
1.30602
1.30751
1.30876
1.3101
1.31108
1.31196
1.31289
1.31369
1.31406
1.31435
1.31445
1.31426
1.31424
1.31384
1.3135
1.31249
1.31155
