0
0.000404689
0.000744232
0.00101955
0.00130001
0.00157089
0.0017874
0.00198266
0.00218154
0.00236788
0.00251212
0.00262544
0.00274018
0.00286541
0.00293001
0.00295732
0.00298995
0.00303083
0.00306475
0.00304709
0.00305132
0.00306445
0.00305418
0.0030758
0.00308507
0.00304561
0.00301918
0.00302993
0.00296995
0.0029408
0.00295294
0.00295207
0.00296111
0.00294938
0.0029278
0.00291219
0.00292003
0.00291884
0.00291938
0.00287424
0.00285784
0.00285756
0.00287816
0.00289373
0.00289682
0.00286997
0.0028157
0.00278687
0.00276023
0.00278898
0.00275818
0.00276875
0.00275614
0.00275994
0.00271882
0.00271128
0.00270416
0.00267077
0.00266743
0.00264986
0.00265054
0.00268021
0.00268084
0.00269064
0.00264498
0.00260143
0.0025754
0.0025887
0.00261586
0.00261301
0.00259953
0.00261929
0.0025949
0.00261409
0.00263057
0.00267851
0.00268325
0.00270755
0.00273224
0.00279797
0.00283796
0.00289489
0.002931
0.00299507
0.00306926
0.00314059
0.00320387
0.00326855
0.00334456
0.00343104
0.00351519
0.00362452
0.00371454
0.00380999
0.00388756
0.00400709
0.00412029
0.004258
0.00438987
0.00453463
0.00466279
0.00479807
0.00492218
0.00504252
0.00520572
0.00534207
0.00549365
0.0056481
0.00579362
0.00595909
0.00612679
0.00629384
0.00647777
0.0066453
0.00681267
0.00701931
0.00720559
0.00738556
0.00759901
0.00781308
0.0080458
0.00823807
0.00848925
0.00869222
0.00889608
0.00916018
0.00939606
0.00962639
0.00988454
0.0101439
0.0104092
0.010705
0.0109683
0.0112105
0.0114707
0.0117164
0.0119244
0.0121804
0.0124145
0.0126256
0.0128354
0.013035
0.0132296
0.0133673
0.0135133
0.0136618
0.0137417
0.0138198
0.0139192
0.0139716
0.0140174
0.0140082
