0
0.582827
1.16332
1.74215
2.31883
2.89969
3.48172
4.06351
4.64587
5.2269
5.81028
6.39424
6.97859
7.56416
8.14806
8.73289
9.31768
9.90649
10.4999
11.093
11.6889
12.2874
12.8861
13.4874
14.0936
14.6946
15.301
15.9165
16.5309
17.1507
17.7721
18.401
19.0371
19.6783
20.312
20.9626
21.6201
22.2836
22.9484
23.6199
24.2979
24.9858
25.6747
26.3741
27.0761
27.7935
28.5115
29.2383
29.9743
30.7225
31.4729
32.227
32.998
33.7755
34.5631
35.3507
36.1561
36.9707
37.7915
38.6248
39.4679
40.317
41.1755
42.0433
42.9163
43.7988
44.6896
45.59
46.4859
47.4012
48.3202
49.2397
50.1745
51.1132
52.0566
53.0036
53.9597
54.9005
55.8646
56.8124
57.7799
58.7371
59.7068
60.6728
61.6371
62.5988
63.5606
64.5197
65.4762
66.4299
67.379
68.3214
69.2613
70.1838
71.1153
72.0362
72.9439
73.8384
74.7225
75.5956
76.4719
77.3259
78.1729
79.0168
79.8395
80.6567
81.4613
82.2557
83.0378
83.8055
84.5573
85.3026
86.0315
86.7498
87.4483
88.1245
88.7958
89.4636
90.1104
90.7347
91.3405
91.9552
92.5365
93.1192
93.6879
94.2362
94.7779
95.2945
95.7917
96.288
96.7657
97.18
97.6316
98.0704
98.4892
98.906
99.3093
99.6968
100.08
100.453
100.803
101.132
101.468
101.781
102.09
102.395
102.664
102.939
103.204
103.447
103.688
103.915
