0
0.000404688
0.000744219
0.00101089
0.00128459
0.00151555
0.00172364
0.00192003
0.00210352
0.0022556
0.0024103
0.00254669
0.00266793
0.00275218
0.00286076
0.00295337
0.00299818
0.00304091
0.0030656
0.00308848
0.00309593
0.00308964
0.00311566
0.00313575
0.00315125
0.00316776
0.00315909
0.0031295
0.00313689
0.00312467
0.00309807
0.00309348
0.00306461
0.00301795
0.00299302
0.00298471
0.0029898
0.0029857
0.00298727
0.00298196
0.00297065
0.00296885
0.00294474
0.00294053
0.00292483
0.0029104
0.00289569
0.00288518
0.00288897
0.00286818
0.00283172
0.00280846
0.00277855
0.00276901
0.00271022
0.00269344
0.00270946
0.00269848
0.0026771
0.00270468
0.00265655
0.00266148
0.00267099
0.00267575
0.00264078
0.00264134
0.00263777
0.0026442
0.0026335
0.00261424
0.00262042
0.0026384
0.00259713
0.00261889
0.00266518
0.00267015
0.00270696
0.00275186
0.00274558
0.00278367
0.00283457
0.00291078
0.00293691
0.00301266
0.00309251
0.00318724
0.00328161
0.00332152
0.00338783
0.00344123
0.00355835
0.00365712
0.00376058
0.00388851
0.00396012
0.00411958
0.00426014
0.0043703
0.00448622
0.00461462
0.0047785
0.00491245
0.00503076
0.0051852
0.00536129
0.00550524
0.0056678
0.00581231
0.00596505
0.00614626
0.00631796
0.00653033
0.00674059
0.00696889
0.00715001
0.00737646
0.00760092
0.00781029
0.00801307
0.00820662
0.00842326
0.00863277
0.00884299
0.00906811
0.00927004
0.00951523
0.00973681
0.00987278
0.0100978
0.0103068
0.0105398
0.0107419
0.010988
0.0112444
0.0114448
0.0116112
0.0117888
0.0119494
0.0121037
0.0122564
0.0123763
0.0124604
0.0125528
0.0126259
0.0126736
0.0127202
0.0127166
0.0126772
0.0126298
0.0125575
0.0124885
0.0124294
