0
0.582827
1.16332
1.74361
2.32187
2.90347
3.48324
4.06255
4.64212
5.22382
5.80552
6.38789
6.96922
7.54988
8.13603
8.72245
9.31015
9.89738
10.4873
11.0761
11.666
12.2595
12.857
13.4554
14.0553
14.6598
15.2667
15.8744
16.4902
17.1074
17.7237
18.3477
18.9735
19.604
20.2388
20.8804
21.5266
22.1788
22.8334
23.495
24.1609
24.8374
25.5134
26.2021
26.898
27.5955
28.3052
29.0185
29.7403
30.4682
31.2023
31.946
32.6968
33.4581
34.2273
35.0099
35.7983
36.5916
37.4004
38.2159
39.0381
39.8652
40.6978
41.5353
42.385
43.2422
44.1064
44.9775
45.8609
46.7469
47.6361
48.5244
49.4315
50.3311
51.2444
52.1577
53.0646
53.9795
54.9067
55.8261
56.7371
57.6464
58.5715
59.4789
60.3888
61.2822
62.1736
63.0817
63.9791
64.8709
65.7392
66.612
67.4752
68.3276
69.1759
70.0018
70.8259
71.6411
72.4599
73.2625
74.0441
74.8213
75.5971
76.3529
77.0838
77.8201
78.5396
79.2537
79.9508
80.629
81.3002
81.9463
82.5776
83.1943
83.8126
84.4147
85.002
85.5821
86.1421
86.6975
87.2312
87.7581
88.2624
88.7591
89.2482
89.7253
90.193
90.2667
90.71
91.1534
91.5711
91.978
92.3721
92.7593
93.1306
93.4867
93.8329
94.1768
94.4986
94.8132
95.1166
95.411
95.6877
95.9599
96.2232
96.4684
96.4772
96.708
96.9283
97.1313
97.3237
97.5091
