-0.27123;-0.73975;-1.60035;-1.99639;0;0.329562;0
-0.250948;-0.747484;-1.58377;-2.0123;-0.000431446;0.338923;0
-0.232682;-0.754709;-1.56938;-2.03574;-0.000849861;0.338441;0
-0.22507;-0.724653;-1.56448;-2.00209;-0.00123113;0.366084;0
-0.215486;-0.708854;-1.5594;-2.01236;-0.00169758;0.328123;0
-0.204638;-0.700009;-1.55319;-2.00165;-0.00214026;0.328539;0
-0.197327;-0.676594;-1.54951;-1.98232;0.00343785;0.345957;0
-0.191715;-0.654784;-1.5484;-1.96489;-0.00311536;0.354109;0
-0.18547;-0.637851;-1.54674;-1.96344;-0.00313922;0.341523;0
-0.18293;-0.61037;-1.54866;-1.93594;-0.00386277;0.351485;0
-0.178875;-0.591062;-1.55022;-1.92046;-0.00523853;0.369669;0
-0.173169;-0.578222;-1.55014;-1.90505;-0.00538033;0.370284;0
-0.162175;-0.573665;-1.54707;-1.90279;-0.0182531;0.374245;0
-0.173148;-0.518837;-1.56004;-1.86539;-0.0065564;0.379478;0
-0.169491;-0.503571;-1.5639;-1.8498;-0.00823655;0.384249;0
-0.161406;-0.499515;-1.564;-1.85593;-0.0086189;0.381517;0
-0.159564;-0.478853;-1.56606;-1.83367;-0.00985407;0.383423;0
-0.160956;-0.454057;-1.57554;-1.8157;-0.0102754;0.414781;0
-0.158302;-0.439082;-1.58265;-1.78941;-0.0124762;0.417025;0
-0.157395;-0.420049;-1.58711;-1.77473;-0.0216591;0.424821;0
-0.160177;-0.392525;-1.59829;-1.75769;-0.0139851;0.435609;0
-0.172808;-0.343956;-1.61366;-1.71541;-0.0167667;0.437743;0
-0.173889;-0.324672;-1.62305;-1.69361;-0.017734;0.439435;0
-0.176775;-0.299738;-1.63282;-1.6695;-0.020994;0.457996;0
-0.1846;-0.263803;-1.64732;-1.64442;-0.0248778;0.465818;0
-0.184672;-0.24616;-1.65671;-1.63307;-0.0263325;0.48038;0
-0.184269;-0.232398;-1.66559;-1.61722;-0.0277683;0.500978;0
-0.20446;-0.166746;-1.68909;-1.57047;-0.0326109;0.516651;0
-0.206571;-0.150188;-1.69559;-1.5578;-0.0345085;0.533131;0
-0.204888;-0.139155;-1.70796;-1.53193;-0.0361753;0.563879;0
-0.221748;-0.0828891;-1.72665;-1.4973;-0.0281529;0.571286;0
-0.221578;-0.0719184;-1.73649;-1.48937;-0.048228;0.552681;0
-0.228885;-0.0402628;-1.74913;-1.47203;-0.0336908;0.594292;0
-0.242294;0.00526527;-1.76746;-1.43034;-0.0588581;0.620744;0
-0.257563;0.0550298;-1.79111;-1.39239;-0.0604891;0.628338;0
-0.268843;0.0967569;-1.80542;-1.36087;-0.0719477;0.635075;0
-0.278089;0.134413;-1.83014;-1.32979;-0.0712317;0.665472;0
-0.28625;0.166077;-1.83953;-1.30182;-0.074239;0.68498;0
-0.298506;0.210543;-1.85645;-1.27803;-0.0714746;0.719599;0
-0.306924;0.244242;-1.86563;-1.25925;-0.109489;0.736894;0
-0.324683;0.305724;-1.89518;-1.22162;-0.101477;0.743953;0
-0.32518;0.318009;-1.90695;-1.19533;-0.114165;0.804188;0
-0.346671;0.390986;-1.93326;-1.16003;-0.106557;0.789676;0
-0.357174;0.430413;-1.94605;-1.14645;-0.134995;0.785496;0
-0.364608;0.467509;-1.95413;-1.10907;-0.183752;0.873067;0
-0.379051;0.52604;-1.97954;-1.08716;-0.168205;0.823862;0
-0.388199;0.567145;-1.98652;-1.05782;-0.177575;0.873129;0
-0.403813;0.632232;-2.00455;-1.01583;-0.211533;0.917276;0
-0.409177;0.669743;-2.02428;-0.988343;-0.220924;0.9683;0
-0.41604;0.70683;-2.03782;-0.96944;-0.233064;0.98085;0
-0.429482;0.771128;-2.05379;-0.936575;-0.237407;0.975234;0
-0.439128;0.820826;-2.07005;-0.904858;-0.231538;1.01715;0
-0.454442;0.899301;-2.08348;-0.863564;-0.292055;1.04264;0
-0.455341;0.927889;-2.1045;-0.854024;-0.290979;1.05741;0
-0.473616;1.0226;-2.11834;-0.809776;-0.34365;1.00236;0
-0.484654;1.09358;-2.12214;-0.760844;-0.338533;1.0501;0
-0.484286;1.13536;-2.13125;-0.732383;-0.38423;1.14362;0
-0.492205;1.1968;-2.14356;-0.73944;-0.44773;0.981271;0
-0.504035;1.29522;-2.1446;-0.666381;-0.473853;1.10231;0
-0.496156;1.31616;-2.1674;-0.65525;-0.467098;1.17436;0
-0.504725;1.39519;-2.15287;-0.612797;-0.492507;1.22227;0
-0.501858;1.44695;-2.14854;-0.591682;-0.609362;1.19579;0
-0.502787;1.52049;-2.16352;-0.518302;-0.592479;1.36812;0
-0.494886;1.56516;-2.1693;-0.532862;-0.726739;1.25759;0
-0.497758;1.66816;-2.17783;-0.448515;-0.601109;1.37671;0
-0.489827;1.71978;-2.16912;-0.44217;-0.731536;1.32193;0
-0.482368;1.78151;-2.1575;-0.427031;-0.762496;1.32336;0
-0.473204;1.85536;-2.16312;-0.40762;-0.829336;1.27467;0
-0.46039;1.9162;-2.16291;-0.354354;-0.920152;1.37288;0
-0.447811;1.98315;-2.15234;-0.310595;-0.796148;1.46994;0
-0.433271;2.0516;-2.14027;-0.24157;-0.945768;1.61524;0
-0.408929;2.08729;-2.14959;-0.30212;-1.06479;1.28383;0
-0.393161;2.16588;-2.12676;-0.197445;-0.877566;1.64796;0
-0.375846;2.27815;-2.10972;-0.17107;-1.02208;1.36135;0
-0.344474;2.3007;-2.10639;-0.152197;-1.19377;1.48568;0
-0.317699;2.35542;-2.06892;-0.10112;-1.41076;1.64722;0
-0.290995;2.45218;-2.06865;-0.0402241;-1.24075;1.62791;0
-0.255234;2.46425;-2.08122;-0.0888152;-1.27603;1.33003;0
-0.220636;2.5271;-2.04281;-0.0220399;-1.33784;1.55918;0
-0.182892;2.58063;-2.00877;0.0402136;-1.61467;1.82243;0
-0.143124;2.62681;-1.98269;0.06556;-1.64255;1.73657;0
-0.0998645;2.66976;-2.00493;0.0415249;-1.53362;1.39683;0
-0.0561491;2.7362;-1.96109;0.157523;-1.62972;1.84001;0
-0.0109831;2.77561;-1.94818;0.163035;-1.59226;1.69848;0
0.0430667;2.82414;-1.91531;0.261113;-1.82896;2.06896;0
0.0954884;2.8561;-1.90183;0.280828;-1.8742;2.04212;0
0.14861;2.86191;-1.91874;0.200478;-1.90996;1.45039;0
0.203111;2.91581;-1.90102;0.284926;-1.78322;1.66299;0
0.267503;2.95478;-1.90539;0.348111;-1.74099;1.85947;0
0.328751;2.99038;-1.87441;0.464501;-1.66585;2.39683;0
0.387678;2.95792;-1.86162;0.373939;-1.94373;1.83976;0
0.453472;2.99332;-1.82558;0.40752;-2.16962;1.81582;0
0.519771;3.01512;-1.83082;0.474231;-1.84396;1.93399;0
0.605092;3.06339;-1.86746;0.563477;-1.76121;2.09932;0
0.663282;3.01571;-1.81731;0.559184;-2.0505;2.29901;0
0.736707;3.02204;-1.82574;0.560645;-1.96919;2.04801;0
0.825014;3.0501;-1.84086;0.626759;-1.91075;2.07574;0
0.879439;2.98953;-1.87564;0.557723;-1.86442;1.77902;0
0.970349;3.00967;-1.8821;0.642191;-1.74068;2.03151;0
1.04589;2.99159;-1.86283;0.686238;-1.73911;2.02793;0
1.127;2.96988;-1.8973;0.693685;-1.67349;1.81383;0
1.20528;2.95863;-1.93784;0.699608;-1.60255;1.76835;0
1.28574;2.91758;-1.9244;0.719467;-1.89031;1.89526;0
1.39402;2.95093;-1.94084;0.859168;-1.68888;2.35796;0
1.45406;2.85208;-1.96961;0.736651;-1.94978;1.69052;0
1.55063;2.85844;-2.00863;0.829351;-1.68806;1.97249;0
1.63795;2.7979;-2.04753;0.804381;-1.74289;1.7423;0
1.72941;2.76751;-2.07846;0.854721;-1.71116;1.81243;0
1.81139;2.71511;-2.0866;0.874771;-1.74486;1.78431;0
1.90453;2.67435;-2.16397;0.90813;-1.40523;1.73726;0
2.00984;2.64277;-2.14527;0.949704;-1.78055;2.01201;0
2.10023;2.59207;-2.21799;1.00569;-1.37867;1.93868;0
2.18696;2.54695;-2.23036;1.01186;-1.63213;1.9654;0
2.26804;2.47575;-2.32993;0.996423;-1.29108;1.57616;0
2.34462;2.40563;-2.35755;1.00424;-1.3444;1.6373;0
2.44788;2.35161;-2.4108;1.04065;-1.27193;1.65334;0
2.52602;2.29767;-2.45045;1.02918;-1.50381;1.51835;0
2.63582;2.22676;-2.49433;1.06986;-1.43795;1.48715;0
2.70539;2.17169;-2.58777;1.09205;-1.17572;1.37316;0
2.8057;2.09517;-2.59191;1.10458;-1.37161;1.40119;0
2.87821;2.02587;-2.66946;1.11531;-1.23873;1.28756;0
2.99556;1.98392;-2.7188;1.19407;-1.24341;1.4675;0
3.05456;1.88462;-2.77524;1.17358;-1.07976;1.27589;0
3.11388;1.78956;-2.8315;1.15854;-0.972302;0.954403;0
3.18826;1.7269;-2.86614;1.16764;-1.09118;1.11688;0
3.26146;1.65095;-2.91832;1.17362;-1.10102;0.950043;0
4.15964;-1.0793;-2.30499;0.939578;-0.362083;-0.586619;0
3.37033;1.5357;-3.03157;1.29243;-0.673116;1.11856;0
3.42242;1.44885;-3.04119;1.22052;-0.954785;0.835613;0
3.47333;1.36317;-3.02665;1.25074;-1.08837;0.793476;0
3.54438;1.27625;-3.1025;1.28942;-0.929395;0.721675;0
3.59161;1.20274;-3.10066;1.28338;-1.00821;0.762103;0
3.65875;1.1205;-3.17288;1.30952;-0.831122;0.870483;0
3.70935;1.03256;-3.19311;1.33536;-0.862665;0.591543;0
3.79426;0.950374;-3.23638;1.38303;-0.871414;0.614926;0
3.82945;0.86433;-3.27586;1.40528;-0.617738;0.584763;0
3.84087;0.775937;-3.2877;1.37454;-0.801585;0.403629;0
3.90526;0.69679;-3.28801;1.43167;-0.739001;0.445447;0
3.91492;0.607125;-3.29368;1.42555;-0.709063;0.325763;0
3.95492;0.513392;-3.31939;1.45798;-0.764016;0.318545;0
3.98075;0.426989;-3.34562;1.48684;-0.78332;0.259346;0
3.99894;0.342475;-3.32227;1.52122;-0.580472;0.216479;0
4.01102;0.258995;-3.30685;1.50582;-0.782886;0.147118;0
4.04858;0.171701;-3.32414;1.54132;-0.665067;0.188873;0
4.0346;0.0867055;-3.29054;1.58168;-0.612095;0.140845;0
3.68812;-1.67456;-2.02377;1.3444;-0.334406;-1.21463;0
4.0066;-0.0586031;-3.21853;1.61296;-0.674003;-0.0960139;0
3.99074;-0.144408;-3.20492;1.64768;-0.597628;-0.0762203;0
4.01057;-0.229841;-3.17657;1.70639;-0.58683;0.0190296;0
3.96828;-0.305384;-3.1002;1.69917;-0.548978;-0.1369;0
3.9335;-0.387586;-3.05304;1.70384;-0.571853;-0.111436;0
3.90038;-0.468603;-3.01547;1.73293;-0.558408;-0.273161;0
